0.0000000000
0.0000462268
0.0000924494
0.0001386619
0.0001848584
0.0002310333
0.0002771814
0.0003232972
0.0003693755
0.0004154108
0.0004613980
0.0005073317
0.0005532069
0.0005990183
0.0006447608
0.0006904293
0.0007360188
0.0007815244
0.0008269410
0.0008722640
0.0009174884
0.0009626094
0.0010076223
0.0010525227
0.0010973059
0.0011419674
0.0011865027
0.0012309072
0.0012751768
0.0013193071
0.0013632940
0.0014071335
0.0014508212
0.0014943531
0.0015377250
0.0015809330
0.0016239732
0.0016668419
0.0017095355
0.0017520500
0.0017943816
0.0018365266
0.0018784812
0.0019202421
0.0019618060
0.0020031694
0.0020443284
0.0020852794
0.0021260186
0.0021665428
0.0022068486
0.0022469330
0.0022867930
0.0023264259
0.0023658288
0.0024049976
0.0024439282
0.0024826169
0.0025210600
0.0025592542
0.0025971964
0.0026348837
0.0026723135
0.0027094834
0.0027463910
0.0027830327
0.0028194049
0.0028555045
0.0028913284
0.0029268739
0.0029621373
0.0029971153
0.0030318047
0.0030662030
0.0031003079
0.0031341160
0.0031676245
0.0032008304
0.0032337310
0.0032663242
0.0032986079
0.0033305788
0.0033622340
0.0033935709
0.0034245877
0.0034552828
0.0034856555
0.0035157045
0.0035454281
0.0035748252
0.0036038952
0.0036326381
0.0036610545
0.0036891454
0.0037169125
0.0037443581
0.0037714851
0.0037982968
0.0038247987
0.0038509966
0.0038768962
0.0039025040
0.0039278286
0.0039528791
0.0039776641
0.0040021920
0.0040264734
0.0040505189
0.0040743387
0.0040979424
0.0041213401
0.0041445426
0.0041675604
0.0041904034
0.0042130809
0.0042356021
0.0042579766
0.0042802133
0.0043023210
0.0043243078
0.0043461817
0.0043679502
0.0043896206
0.0044111998
0.0044326945
0.0044541112
0.0044754557
0.0044967339
0.0045179512
0.0045391132
0.0045602251
0.0045812919
0.0046023180
0.0046233081
0.0046442665
0.0046651975
0.0046861055
0.0047069940
0.0047278665
0.0047487265
0.0047695774
0.0047904227
0.0048112655
0.0048321090
0.0048529559
0.0048738092
0.0048946717
0.0049155463
0.0049364360
0.0049573430
0.0049782692
0.0049992162
0.0050201861
0.0050411805
0.0050622013
0.0050832505
0.0051043299
0.0051254415
0.0051465872
0.0051677690
0.0051889889
0.0052102487
0.0052315495
0.0052528922
0.0052742780
0.0052957078
0.0053171827
0.0053387038
0.0053602722
0.0053818889
0.0054035552
0.0054252722
0.0054470410
0.0054688628
0.0054907382
0.0055126678
0.0055346523
0.0055566923
0.0055787884
0.0056009412
0.0056231514
0.0056454197
0.0056677466
0.0056901330
0.0057125792
0.0057350856
0.0057576525
0.0057802802
0.0058029692
0.0058257197
0.0058485321
0.0058714066
0.0058943438
0.0059173438
0.0059404071
0.0059635340
0.0059867248
0.0060099796
0.0060332985
0.0060566817
0.0060801291
0.0061036410
0.0061272175
0.0061508585
0.0061745643
0.0061983349
0.0062221703
0.0062460707
0.0062700361
0.0062940664
0.0063181617
0.0063423220
0.0063665471
0.0063908371
0.0064151920
0.0064396116
0.0064640959
0.0064886448
0.0065132583
0.0065379362
0.0065626786
0.0065655448
0.0065685645
0.0065717377
0.0065750647
0.0065785456
0.0065821809
0.0065859705
0.0065899149
0.0065940142
0.0065982686
0.0066026783
0.0066072435
0.0066119643
0.0066168410
0.0066218738
0.0066270628
0.0066324082
0.0066379102
0.0066435690
0.0066493848
0.0066553578
0.0066614882
0.0066677762
0.0066742218
0.0066808256
0.0066875875
0.0066945077
0.0067015866
0.0067088245
0.0067162214
0.0067237776
0.0067314934
0.0067393690
0.0067474046
0.0067556005
0.0067639570
0.0067724743
0.0067811529
0.0067899929
0.0067989943
0.0068081580
0.0068174839
0.0068269724
0.0068366237
0.0068464382
0.0068564163
0.0068665583
0.0068768645
0.0068873352
0.0068979707
0.0069087716
0.0069197382
0.0069308706
0.0069421692
0.0069536349
0.0069652674
0.0069770674
0.0069890355
0.0070011718
0.0070134767
0.0070259506
0.0070385940
0.0070514073
0.0070643913
0.0070775455
0.0070908715
0.0071043683
0.0071180381
0.0071318799
0.0071458946
0.0071600826
0.0071744445
0.0071889809
0.0072036921
0.0072185786
0.0072336407
0.0072488786
0.0072642933
0.0072798856
0.0072956545
0.0073116027
0.0073277286
0.0073440343
0.0073605194
0.0073771843
0.0073940299
0.0074110572
0.0074282660
0.0074456570
0.0074632306
0.0074809874
0.0074989279
0.0075170526
0.0075353619
0.0075538574
0.0075725386
0.0075914057
0.0076104594
0.0076297017
0.0076491307
0.0076687491
0.0076885558
0.0077085526
0.0077287385
0.0077491162
0.0077696838
0.0077904434
0.0078113958
0.0078325402
0.0078538775
0.0078754092
0.0078971358
0.0079190572
0.0079411739
0.0079634866
0.0079859958
0.0080087022
0.0080316064
0.0080547087
0.0080780097
0.0081015098
0.0081252094
0.0081491099
0.0081732119
0.0081975149
0.0082220189
0.0082467253
0.0082716361
0.0082967492
0.0083220656
0.0083475885
0.0083733146
0.0083992475
0.0084253860
0.0084517310
0.0084782835
0.0085050433
0.0085320113
0.0085591885
0.0085865730
0.0086141699
0.0086419747
0.0086699905
0.0086982184
0.0087266561
0.0087553054
0.0087841692
0.0088132446
0.0088425326
0.0088720337
0.0089017517
0.0089316840
0.0089618312
0.0089921939
0.0090227727
0.0090535682
0.0090845809
0.0091158113
0.0091472604
0.0091789283
0.0092108150
0.0092429210
0.0092752467
0.0093077929
0.0093405601
0.0093735484
0.0094067580
0.0094401891
0.0094738420
0.0095077170
0.0095418144
0.0095761344
0.0096106796
0.0096454500
0.0096804441
0.0097156621
0.0097511041
0.0097867755
0.0098226721
0.0098587935
0.0098951412
0.0099317194
0.0099685228
0.0100055520
0.0100428141
0.0100803015
0.0101180168
0.0101559642
0.0101941368
0.0102325423
0.0102711757
0.0103100384
0.0103491336
0.0103884557
0.0104280137
0.0104677974
0.0105078190
0.0105480664
0.0105885526
0.0106292654
0.0106702163
0.0107113963
0.0107528123
0.0107944612
0.0108363423
0.0108784614
0.0109208098
0.0109633978
0.0110062185
0.0110492711
0.0110925649
0.0111360900
0.0111798491
0.0112238487
0.0112680805
0.0113125452
0.0113572528
0.0114021938
0.0114473686
0.0114927825
0.0115384357
0.0115843239
0.0116304474
0.0116768106
0.0117234144
0.0117702546
0.0118173314
0.0118646452
0.0119122007
0.0119599964
0.0120080298
0.0120563010
0.0121048105
0.0121535582
0.0122025459
0.0122517761
0.0123012450
0.0123509525
0.0124008991
0.0124510852
0.0125015105
0.0125521761
0.0126030815
0.0126542273
0.0127056136
0.0127572406
0.0128091084
0.0128612186
0.0129135696
0.0129661615
0.0130189945
0.0130720685
0.0131253837
0.0131789400
0.0132327375
0.0132867762
0.0133410575
0.0133955806
0.0134503451
0.0135053509
0.0135605981
0.0136160862
0.0136718155
0.0137277856
0.0137839971
0.0138404494
0.0138971430
0.0139540775
0.0140112529
0.0140686750
0.0141263392
0.0141842446
0.0142423913
0.0143007786
0.0143594068
0.0144182754
0.0144773922
0.0145367514
0.0145963508
0.0146561904
0.0147162698
0.0147765921
0.0148371623
0.0148979720
0.0149590207
0.0150203081
0.0150818418
0.0151436206
0.0152056379
0.0152678934
0.0153303921
0.0153931397
0.0154561252
0.0155193483
0.0155828167
0.0156465320
0.0157104843
0.0157746731
0.0158391153
0.0159037962
0.0159687127
0.0160338755
0.0160992839
0.0161649271
0.0162308121
0.0162969464
0.0163633146
0.0164299234
0.0164967825
0.0165638746
0.0166312093
0.0166987920
0.0167666065
0.0168346692
0.0169029737
0.0169715090
0.0170403012
0.0171093257
0.0171785894
0.0172481028
0.0173178448
0.0173878402
0.0174580699
0.0175285380
0.0175992547
0.0176701974
0.0177413988
0.0178128271
0.0178845026
0.0179564160
0.0180285665
0.0181009648
0.0181735910
0.0182464736
0.0183195786
0.0183929429
0.0184665308
0.0185403725
0.0186144427
0.0186887625
0.0187633142
0.0188381126
0.0189131448
0.0189884222
0.0190639340
0.0191396910
0.0192156812
0.0192919179
0.0193683854
0.0194451022
0.0195220456
0.0195992426
0.0196766605
0.0197543378
0.0198322332
0.0199103863
0.0199887622
0.0200673868
0.0201462438
0.0202253387
0.0203046774
0.0203842415
0.0204640624
0.0205441031
0.0206243981
0.0207049219
0.0207856835
0.0208666907
0.0209479187
0.0210294086
0.0211111207
0.0211930742
0.0212752707
0.0213576887
0.0214403672
0.0215232700
0.0216064084
0.0216897962
0.0217734062
0.0218572654
0.0219413606
0.0220256783
0.0221102559
0.0221950589
0.0222800896
0.0223653779
0.0224508888
0.0225366326
0.0226226287
0.0227088477
0.0227953012
0.0228820051
0.0229689322
0.0230560922
0.0231435044
0.0232311402
0.0233190043
0.0234071255
0.0234954709
0.0235840404
0.0236728674
0.0237619229
0.0238512031
0.0239407281
0.0240304944
0.0241204856
0.0242107054
0.0243011828
0.0243918854
0.0244828134
0.0245739850
0.0246653992
0.0247570390
0.0248489044
0.0249410230
0.0250333745
0.0251259519
0.0252187553
0.0253118155
0.0254051043
0.0254986196
0.0255923608
0.0256863566
0.0257805827
0.0258750354
0.0259697143
0.0260646395
0.0261598033
0.0262551939
0.0263508113
0.0264466605
0.0265427628
0.0266390923
0.0267356490
0.0268324331
0.0269294578
0.0270267267
0.0271242233
0.0272219476
0.0273198998
0.0274180921
0.0275165287
0.0276151933
0.0277140861
0.0278132071
0.0279125581
0.0280121629
0.0281119960
0.0282120575
0.0283123474
0.0284128659
0.0285136202
0.0286146215
0.0287158514
0.0288173099
0.0289189970
0.0290209128
0.0291230573
0.0292254539
0.0293280798
0.0294309344
0.0295340176
0.0296373297
0.0297408707
0.0298446411
0.0299486619
0.0300529124
0.0301573920
0.0302621009
0.0303670389
0.0304722066
0.0305776038
0.0306832312
0.0307891074
0.0308952130
0.0310015482
0.0311081128
0.0312149072
0.0313219316
0.0314291855
0.0315366695
0.0316443832
0.0317523389
0.0318605293
0.0319689495
0.0320775990
0.0321864796
0.0322955889
0.0324049291
0.0325144987
0.0326242982
0.0327343276
0.0328445869
0.0329550762
0.0330658075
0.0331767698
0.0332879617
0.0333993838
0.0335110354
0.0336229174
0.0337350295
0.0338473717
0.0339599442
0.0340727471
0.0341857797
0.0342990440
0.0344125381
0.0345262630
0.0346402184
0.0347544046
0.0348688215
0.0349834691
0.0350983524
0.0352134687
0.0353288160
0.0354443937
0.0355602022
0.0356762414
0.0357925113
0.0359090119
0.0360257435
0.0361427057
0.0362598990
0.0363773230
0.0364949778
0.0366128638
0.0367309803
0.0368493279
0.0369679057
0.0370867153
0.0372057559
0.0373250270
0.0374445284
0.0375642616
0.0376842246
0.0378044190
0.0379248448
0.0380455006
0.0381663872
0.0382875046
0.0384088520
0.0385304303
0.0386522401
0.0387742793
0.0388965499
0.0390190502
0.0391417810
0.0392647422
0.0393879335
0.0395113551
0.0396350067
0.0397588882
0.0398829999
0.0400073419
0.0401319215
0.0402567312
0.0403817711
0.0405070409
0.0406325406
0.0407582702
0.0408842304
0.0410104201
0.0411368398
0.0412634895
0.0413903690
0.0415174786
0.0416448177
0.0417723866
0.0419001854
0.0420282138
0.0421564719
0.0422849593
0.0424136766
0.0425426307
0.0426718236
0.0428012464
0.0429308990
0.0430607813
0.0431908932
0.0433212345
0.0434518057
0.0435826059
0.0437136360
0.0438448953
0.0439763837
0.0441081011
0.0442400543
0.0443722522
0.0445046797
0.0446373362
0.0447702222
0.0449033370
0.0450366807
0.0451702535
0.0453040549
0.0454380849
0.0455723434
0.0457068465
0.0458415893
0.0459765610
0.0461117611
0.0462471895
0.0463828463
0.0465187311
0.0466548442
0.0467911850
0.0469277628
0.0470645908
0.0472016467
0.0473389307
0.0474764422
0.0476141813
0.0477521477
0.0478903414
0.0480287622
0.0481674434
0.0483063543
0.0484454929
0.0485848583
0.0487244511
0.0488642706
0.0490043168
0.0491445995
0.0492851386
0.0494259046
0.0495668971
0.0497081165
0.0498495622
0.0499912340
0.0501331362
0.0502753032
0.0504176970
0.0505603165
0.0507031623
0.0508462338
0.0509895309
0.0511330707
0.0512768655
0.0514208860
0.0515651319
0.0517096031
0.0518542994
0.0519992206
0.0521444163
0.0522898373
0.0524354835
0.0525813542
0.0527274494
0.0528737688
0.0530203610
0.0531671823
0.0533142279
0.0534614975
0.0536089908
0.0537567123
0.0539047092
0.0540529298
0.0542013737
0.0543500412
0.0544989315
0.0546480727
0.0547974683
0.0549470866
0.0550969280
0.0552469915
0.0553972807
0.0555478511
0.0556986437
0.0558496584
0.0560008948
0.0561523526
0.0563040849
0.0564560512
0.0566082388
0.0567606473
0.0569132765
0.0570661761
0.0572193150
0.0573726750
0.0575262552
0.0576800555
0.0578341312
0.0579884430
0.0581429747
0.0582977263
0.0584526971
0.0586079583
0.0587634422
0.0589191453
0.0590750674
0.0592312276
0.0593876641
0.0595443194
0.0597011931
0.0598582850
0.0600156471
0.0601732548
0.0603310805
0.0604891238
0.0606473973
0.0608059577
0.0609647356
0.0611237305
0.0612829421
0.0614424342
0.0616021643
0.0617621109
0.0619222736
0.0620826898
0.0622433722
0.0624042704
0.0625653841
0.0627267299
0.0628883645
0.0630502143
0.0632122789
0.0633745598
0.0635371464
0.0636999475
0.0638629627
0.0640261915
0.0641897225
0.0643534746
0.0645174401
0.0646816184
0.0648460971
0.0650108001
0.0651757154
0.0653408427
0.0655062753
0.0656719281
0.0658377926
0.0660038696
0.0661702602
0.0663368624
0.0665036754
0.0666707155
0.0668380557
0.0670056065
0.0671733672
0.0673413761
0.0675096651
0.0676781636
0.0678468712
0.0680158547
0.0681850914
0.0683545368
0.0685241902
0.0686941543
0.0688643379
0.0690347292
0.0692053558
0.0693762782
0.0695474078
0.0697187442
0.0698903613
0.0700622297
0.0702343043
0.0704065909
0.0705791984
0.0707520115
0.0709250299
0.0710983174
0.0712718695
0.0714456264
0.0716195903
0.0717938817
0.0719683773
0.0721430763
0.0723180514
0.0724932859
0.0726687235
0.0728443821
0.0730203558
0.0731965320
0.0733729099
0.0735495901
0.0737265051
0.0739036213
0.0740809921
0.0742586461
0.0744365006
0.0746145649
0.0747929579
0.0749715509
0.0751503430
0.0753294439
0.0755087754
0.0756883054
0.0758681070
0.0760481770
0.0762284448
0.0764089501
0.0765897587
0.0767707644
0.0769519763
0.0771335233
0.0773152669
0.0774972060
0.0776794739
0.0778619552
0.0780446312
0.0782276130
0.0784108319
0.0785942448
0.0787779436
0.0789618999
0.0791460494
0.0793304684
0.0795151620
0.0797000478
0.0798851896
0.0800706202
0.0802562422
0.0804421101
0.0806282773
0.0808146352
0.0810012322
0.0811881358
0.0813752292
0.0815625584
0.0817501981
0.0819380266
0.0821260910
0.0823144664
0.0825030297
0.0826918325
0.0828809432
0.0830702408
0.0832597850
0.0834496305
0.0836396619
0.0838299507
0.0840205305
0.0842112952
0.0844023317
0.0845936453
0.0847851427
0.0849769301
0.0851689768
0.0853612064
0.0855537479
0.0857465271
0.0859394882
0.0861327869
0.0863262980
0.0865199899
0.0867140489
0.0869082912
0.0871027424
0.0872975358
0.0874925086
0.0876877250
0.0878832492
0.0880789516
0.0882749366
0.0884711907
0.0886676220
0.0888643787
0.0890613620
0.0892585212
0.0894560528
0.0896537644
0.0898516959
0.0900499604
0.0902483994
0.0904471108
0.0906461030
0.0908452682
0.0910447629
0.0912444817
0.0914443806
0.0916446534
0.0918450977
0.0920457849
0.0922467835
0.0924479521
0.0926494310
0.0928511542
0.0930530460
0.0932553199
0.0934577665
0.0936604508
0.0938634526
0.0940666214
0.0942701057
0.0944738300
0.0946777274
0.0948820075
0.0950864527
0.0952911554
0.0954961567
0.0957013216
0.0959068330
0.0961125541
0.0963184830
0.0965247607
0.0967312002
0.0969379430
0.0971449392
0.0973521024
0.0975596557
0.0977673688
0.0979753511
0.0981836215
0.0983920500
0.0986008549
0.0988098407
0.0990190705
0.0992286141
0.0994383135
0.0996483713
0.0998586285
0.1000691139
0.1002799294
0.1004908985
0.1007022174
0.1009137446
0.1011254939
0.1013375797
0.1015498171
0.1017624052
0.1019752010
0.1021882223
0.1024015770
0.1026150810
0.1028289465
0.1030430091
0.1032573109
0.1034719326
0.1036867014
0.1039018526
0.1041171803
0.1043327706
0.1045486575
0.1047646891
0.1049811345
0.1051977252
0.1054146126
0.1056317625
0.1058490929
0.1060668027
0.1062846541
0.1065028470
0.1067212579
0.1069398967
0.1071588673
0.1073779771
0.1075974840
0.1078171532
0.1080371090
0.1082573381
0.1084777437
0.1086985329
0.1089194578
0.1091407391
0.1093622239
0.1095839581
0.1098060028
0.1100281909
0.1102507960
0.1104735335
0.1106966048
0.1109199022
0.1111434304
0.1113672879
0.1115912749
0.1118156919
0.1120402387
0.1122651156
0.1124902222
0.1127155600
0.1129412267
0.1131670264
0.1133932534
0.1136196056
0.1138463036
0.1140732156
0.1143003785
0.1145278505
0.1147554794
0.1149835114
0.1152116645
0.1154401996
0.1156689123
0.1158979163
0.1161271888
0.1163566627
0.1165864952
0.1168164444
0.1170468325
0.1172773409
0.1175082019
0.1177392697
0.1179706048
0.1182022321
0.1184340422
0.1186662291
0.1188985280
0.1191312621
0.1193641197
0.1195973319
0.1198307485
0.1200644399
0.1202984155
0.1205325872
0.1207671219
0.1210017750
0.1212368688
0.1214720685
0.1217076575
0.1219434155
0.1221794889
0.1224158052
0.1226523643
0.1228892390
0.1231262846
0.1233637178
0.1236012514
0.1238392429
0.1240773340
0.1243158154
0.1245544640
0.1247934362
0.1250326423
0.1252721065
0.1255118701
0.1257518274
0.1259921485
0.1262325999
0.1264734785
0.1267144496
0.1269558613
0.1271973887
0.1274392978
0.1276813817
0.1279237892
0.1281664295
0.1284093365
0.1286525331
0.1288959408
0.1291396936
0.1293836031
0.1296279120
0.1298723244
0.1301171893
0.1303621373
0.1306075266
0.1308530294
0.1310989248
0.1313449824
0.1315913851
0.1318379973
0.1320849084
0.1323320752
0.1325794957
0.1328272169
0.1330751481
0.1333234235
0.1335718664
0.1338206960
0.1340696518
0.1343190353
0.1345685052
0.1348184425
0.1350684500
0.1353189183
0.1355694782
0.1358204639
0.1360715759
0.1363230801
0.1365747441
0.1368267679
0.1370789836
0.1373315283
0.1375842955
0.1378373620
0.1380906805
0.1383442702
0.1385981397
0.1388522536
0.1391066739
0.1393613132
0.1396162840
0.1398714498
0.1401269709
0.1403826645
0.1406387356
0.1408949580
0.1411515788
0.1414083313
0.1416655015
0.1419227852
0.1421805045
0.1424383207
0.1426965887
0.1429549384
0.1432137550
0.1434726394
0.1437320042
0.1439914245
0.1442513370
0.1445112943
0.1447717542
0.1450322571
0.1452932567
0.1455543051
0.1458158452
0.1460774387
0.1463395205
0.1466016586
0.1468642832
0.1471269655
0.1473901342
0.1476533603
0.1479170741
0.1481808436
0.1484451037
0.1487094161
0.1489742237
0.1492390784
0.1495044347
0.1497698314
0.1500357375
0.1503016796
0.1505681327
0.1508346260
0.1511016211
0.1513686667
0.1516362032
0.1519038024
0.1521718798
0.1524400337
0.1527086514
0.1529773612
0.1532465188
0.1535157857
0.1537854826
0.1540553078
0.1543255434
0.1545959280
0.1548667018
0.1551376471
0.1554089584
0.1556804656
0.1559523138
0.1562243841
0.1564967686
0.1567694032
0.1570423234
0.1573155235
0.1575889788
0.1578627455
0.1581367352
0.1584110699
0.1586855932
0.1589604971
0.1592355532
0.1595110275
0.1597866159
0.1600626618
0.1603387817
0.1606154004
0.1608920570
0.1611692440
0.1614464747
0.1617241930
0.1620019991
0.1622802477
0.1625586305
0.1628374088
0.1631163693
0.1633956767
0.1636752162
0.1639550517
0.1642351716
0.1645155344
0.1647962358
0.1650771252
0.1653584093
0.1656398245
0.1659216926
0.1662036328
0.1664860861
0.1667685784
0.1670515902
0.1673346690
0.1676182052
0.1679018719
0.1681859315
0.1684701872
0.1687547694
0.1690396155
0.1693247194
0.1696101571
0.1698957818
0.1701818124
0.1704679569
0.1707545816
0.1710412458
0.1713284650
0.1716157246
0.1719034628
0.1721913193
0.1724795756
0.1727680301
0.1730568036
0.1733458573
0.1736351470
0.1739248011
0.1742146059
0.1745048617
0.1747951807
0.1750860395
0.1753769388
0.1756683348
0.1759598385
0.1762517476
0.1765438570
0.1768362783
0.1771289946
0.1774219269
0.1777152514
0.1780086937
0.1783026278
0.1785966027
0.1788911238
0.1791857096
0.1794807397
0.1797759376
0.1800714755
0.1803672869
0.1806633313
0.1809597575
0.1812563074
0.1815533498
0.1818504333
0.1821480636
0.1824457646
0.1827438990
0.1830422188
0.1833408562
0.1836397960
0.1839389352
0.1842384963
0.1845381360
0.1848383198
0.1851385452
0.1854392663
0.1857401157
0.1860413359
0.1863428108
0.1866445288
0.1869466302
0.1872488448
0.1875515740
0.1878543454
0.1881576422
0.1884610429
0.1887648348
0.1890688661
0.1893731517
0.1896778149
0.1899825928
0.1902878891
0.1905932280
0.1908990888
0.1912050623
0.1915114139
0.1918180232
0.1921248641
0.1924321107
0.1927394395
0.1930473246
0.1933552527
0.1936636649
0.1939722328
0.1942811312
0.1945903404
0.1948997234
0.1952095754
0.1955194703
0.1958299374
0.1961404763
0.1964514262
0.1967626106
0.1970740417
0.1973858728
0.1976977836
0.1980102628
0.1983227853
0.1986357802
0.1989489522
0.1992624248
0.1995762477
0.1998901965
0.2002046715
0.2005191900
0.2008342231
0.2011493953
0.2014649025
0.2017807296
0.2020967091
0.2024131924
0.2027297196
0.2030467835
0.2033639684
0.2036815026
0.2039993465
0.2043173493
0.2046358534
0.2049544018
0.2052734889
0.2055926991
0.2059122526
0.2062321258
0.2065521438
0.2068726816
0.2071932638
0.2075143659
0.2078356141
0.2081571784
0.2084790938
0.2088011184
0.2091237025
0.2094463312
0.2097694398
0.2100927386
0.2104163050
0.2107402753
0.2110642977
0.2113889409
0.2117136288
0.2120387347
0.2123640970
0.2126896562
0.2130156942
0.2133417771
0.2136684200
0.2139951800
0.2143222736
0.2146497121
0.2149772546
0.2153053730
0.2156335366
0.2159621617
0.2162910067
0.2166200779
0.2169496056
0.2172791786
0.2176093324
0.2179395895
0.2182701866
0.2186011293
0.2189321674
0.2192637970
0.2195954722
0.2199275920
0.2202599556
0.2205925135
0.2209255668
0.2212586659
0.2215923052
0.2219260955
0.2222601700
0.2225946529
0.2229291817
0.2232643372
0.2235995601
0.2239351476
0.2242710659
0.2246070833
0.2249436985
0.2252803598
0.2256174568
0.2259548165
0.2262923402
0.2266303996
0.2269685053
0.2273071081
0.2276459150
0.2279849412
0.2283244507
0.2286640066
0.2290041115
0.2293443715
0.2296848964
0.2300258620
0.2303668742
0.2307084771
0.2310501963
0.2313922157
0.2317346434
0.2320771178
0.2324202146
0.2327633989
0.2331069088
0.2334508045
0.2337947471
0.2341393334
0.2344839889
0.2348289847
0.2351743546
0.2355197713
0.2358658428
0.2362119753
0.2365584524
0.2369053023
0.2372521992
0.2375997512
0.2379473670
0.2382953207
0.2386436567
0.2389920399
0.2393410674
0.2396901724
0.2400395978
0.2403894260
0.2407393014
0.2410897996
0.2414403998
0.2417912919
0.2421426182
0.2424939920
0.2428459556
0.2431980571
0.2435504109
0.2439032413
0.2442561195
0.2446095434
0.2449631521
0.2453169621
0.2456713028
0.2460256914
0.2463805702
0.2467356922
0.2470909530
0.2474468099
0.2478027149
0.2481590431
0.2485156844
0.2488723902
0.2492297696
0.2495871970
0.2499449688
0.2503031357
0.2506613507
0.2510201884
0.2513791443
0.2517383535
0.2520980521
0.2524577987
0.2528180724
0.2531785631
0.2535392034
0.2539004398
0.2542617242
0.2546234272
0.2549854589
0.2553475386
0.2557103043
0.2560731327
0.2564362586
0.2567998373
0.2571634641
0.2575276506
0.2578920292
0.2582565714
0.2586217031
0.2589868832
0.2593524840
0.2597184189
0.2600844021
0.2604510612
0.2608178007
0.2611848091
0.2615523059
0.2619198518
0.2622879163
0.2626562211
0.2630246300
0.2633936952
0.2637628094
0.2641322724
0.2645021485
0.2648720738
0.2652425904
0.2656132792
0.2659841330
0.2663555869
0.2667270898
0.2670989952
0.2674712647
0.2678435833
0.2682165397
0.2685896263
0.2689629125
0.2693367691
0.2697106746
0.2700850095
0.2704596864
0.2708344123
0.2712097953
0.2715852940
0.2719609992
0.2723372724
0.2727135947
0.2730903453
0.2734674436
0.2738445910
0.2742223866
0.2746003115
0.2749784217
0.2753571256
0.2757358786
0.2761150309
0.2764945645
0.2768741474
0.2772543411
0.2776347060
0.2780152063
0.2783963547
0.2787775526
0.2791590915
0.2795410744
0.2799231067
0.2803056835
0.2806885025
0.2810713776
0.2814549847
0.2818386413
0.2822225511
0.2826069974
0.2829914932
0.2833764370
0.2837617241
0.2841470607
0.2845330376
0.2849191670
0.2853054315
0.2856923552
0.2860793285
0.2864666228
0.2868543920
0.2872422109
0.2876305341
0.2880191504
0.2884078163
0.2887971676
0.2891866325
0.2895762602
0.2899665255
0.2903568407
0.2907474930
0.2911386101
0.2915297771
0.2919214531
0.2923134236
0.2927054441
0.2930981428
0.2934909684
0.2938839319
0.2942775644
0.2946712467
0.2950652294
0.2954597202
0.2958542609
0.2962492617
0.2966446124
0.2970400131
0.2974360308
0.2978322430
0.2982285132
0.2986255389
0.2990226144
0.2994198977
0.2998177882
0.3002157285
0.3006140238
0.3010127807
0.3014115874
0.3018108936
0.3022105186
0.3026101934
0.3030105091
0.3034110038
0.3038115565
0.3042128724
0.3046142385
0.3050157966
0.3054179855
0.3058202246
0.3062227868
0.3066258503
0.3070289639
0.3074325289
0.3078364686
0.3082404585
0.3086450249
0.3090498424
0.3094547101
0.3098602766
0.3102659736
0.3106717584
0.3110782860
0.3114848641
0.3118916444
0.3122990547
0.3127065156
0.3131142900
0.3135225848
0.3139309299
0.3143396971
0.3147488778
0.3151581089
0.3155678672
0.3159779355
0.3163880542
0.3167988022
0.3172097597
0.3176207677
0.3180325036
0.3184443520
0.3188562826
0.3192689732
0.3196817141
0.3200946278
0.3205082125
0.3209218475
0.3213357427
0.3217502231
0.3221647539
0.3225796289
0.3229950066
0.3234104347
0.3238262877
0.3242425645
0.3246588916
0.3250757209
0.3254928982
0.3259101259
0.3263279296
0.3267460092
0.3271641391
0.3275829155
0.3280018989
0.3284209326
0.3288406798
0.3292605686
0.3296805078
0.3301012239
0.3305220198
0.3309428947
0.3313645491
0.3317862537
0.3322080919
0.3326306566
0.3330532716
0.3334760710
0.3338995476
0.3343230746
0.3347468332
0.3351712234
0.3355956640
0.3360203798
0.3364456852
0.3368710409
0.3372967120
0.3377229341
0.3381492067
0.3385758308
0.3390029712
0.3394301623
0.3398577373
0.3402857977
0.3407139088
0.3411424327
0.3415714146
0.3420004473
0.3424299177
0.3428598230
0.3432897789
0.3437201936
0.3441510237
0.3445819044
0.3450132612
0.3454450179
0.3458768250
0.3463091215
0.3467418064
0.3471745415
0.3476077754
0.3480413900
0.3484750547
0.3489092236
0.3493437695
0.3497783656
0.3502134671
0.3506489459
0.3510844748
0.3515205064
0.3519569198
0.3523933833
0.3528303425
0.3532676920
0.3537050916
0.3541429759
0.3545812632
0.3550196005
0.3554584075
0.3558976341
0.3563369107
0.3567766378
0.3572168054
0.3576570229
0.3580976673
0.3585387775
0.3589799375
0.3594214965
0.3598635508
0.3603056549
0.3607481258
0.3611911259
0.3616341758
0.3620775558
0.3625215033
0.3629655005
0.3634097870
0.3638546834
0.3642996295
0.3647448197
0.3651906667
0.3656365634
0.3660826543
0.3665294534
0.3669763022
0.3674232911
0.3678710438
0.3683188464
0.3687667303
0.3692154381
0.3696641961
0.3701130034
0.3705626369
0.3710123518
0.3714621160
0.3719126404
0.3723633137
0.3728140366
0.3732654490
0.3737170823
0.3741687655
0.3746210630
0.3750736580
0.3755263031
0.3759794824
0.3764330411
0.3768866495
0.3773407077
0.3777952317
0.3782498052
0.3787047391
0.3791602299
0.3796157701
0.3800715767
0.3805280360
0.3809845446
0.3814412206
0.3818986500
0.3823561287
0.3828136709
0.3832720721
0.3837305226
0.3841890224
0.3846483023
0.3851077261
0.3855671993
0.3860273405
0.3864877394
0.3869481875
0.3874091867
0.3878705623
0.3883319870
0.3887938410
0.3892561948
0.3897185977
0.3901813031
0.3906446368
0.3911080197
0.3915715725
0.3920358879
0.3925002523
0.3929646657
0.3934299480
0.3938952956
0.3943606920
0.3948268170
0.3952931494
0.3957595306
0.3962264942
0.3966938131
0.3971611808
0.3976289794
0.3980972865
0.3985656422
0.3990342724
0.3995035692
0.3999729146
0.4004423728
0.4009126607
0.4013829976
0.4018533829
0.4023245606
0.4027958904
0.4032672688
0.4037392686
0.4042115928
0.4046839657
0.4051567841
0.4056301042
0.4061034733
0.4065771062
0.4070514241
0.4075257909
0.4080002344
0.4084755519
0.4089509179
0.4094263325
0.4099024867
0.4103788536
0.4108552692
0.4113322279
0.4118095975
0.4122870155
0.4127647747
0.4132431486
0.4137215707
0.4142001263
0.4146795061
0.4151589341
0.4156384103
0.4161186693
0.4165991047
0.4170795882
0.4175606372
0.4180420816
0.4185235742
0.4190054089
0.4194878641
0.4199703672
0.4204529834
0.4209364509
0.4214199662
0.4219035294
0.4223878411
0.4228723703
0.4233569472
0.4238420337
0.4243275783
0.4248131706
0.4252990275
0.4257855893
0.4262721985
0.4267588555
0.4272464018
0.4277340297
0.4282217050
0.4287100149
0.4291986631
0.4296873586
0.4301764268
0.4306660970
0.4311558144
0.4316456366
0.4321363305
0.4326270713
0.4331178592
0.4336093618
0.4341011277
0.4345929406
0.4350851899
0.4355779825
0.4360708220
0.4365638133
0.4370576339
0.4375515016
0.4380454161
0.4385400807
0.4390349782
0.4395299223
0.4400253214
0.4405212501
0.4410172255
0.4415133542
0.4420103157
0.4425073241
0.4430043789
0.4435021736
0.4440002164
0.4444983057
0.4449968219
0.4454959008
0.4459950260
0.4464942590
0.4469943755
0.4474945383
0.4479947474
0.4484956387
0.4489968408
0.4494980890
0.4499996888
0.4505019315
0.4510042205
0.4515065554
0.4520098089
0.4525131401
0.4530165173
0.4535204709
0.4540248459
0.4545292670
0.4550339157
0.4555393362
0.4560448026
0.4565503148
0.4570566089
0.4575631221
0.4580696814
0.4585766619
0.4590842240
0.4595918314
0.4600994933
0.4606081057
0.4611167633
0.4616254665
0.4621347651
0.4626444747
0.4631542294
0.4636642002
0.4641749632
0.4646857713
0.4651966245
0.4657082269
0.4662200899
0.4667319979
0.4672442633
0.4677571829
0.4682701474
0.4687831567
0.4692970481
0.4698110706
0.4703251377
0.4708396829
0.4713547651
0.4718698919
0.4723850852
0.4729012286
0.4734174166
0.4739336490
0.4744504587
0.4749677094
0.4754850044
0.4760024525
0.4765207676
0.4770391269
0.4775575303
0.4780765889
0.4785960140
0.4791154832
0.4796351704
0.4801556630
0.4806761996
0.4811967800
0.4817180712
0.4822396767
0.4827613260
0.4832832360
0.4838059121
0.4843286318
0.4848513952
0.4853749025
0.4858986945
0.4864225297
0.4869466458
0.4874715110
0.4879964199
0.4885213721
0.4890470790
0.4895730629
0.4900990901
0.4906253956
0.4911524558
0.4916795596
0.4922067064
0.4927345959
0.4932627776
0.4937910025
0.4943194799
0.4948487414
0.4953780458
0.4959073930
0.4964374476
0.4969678331
0.4974982614
0.4980288931
0.4985603614
0.4990918724
0.4996234258
0.5001556275
0.5006882227
0.5012208603
0.5017536282
0.5022873091
0.5028210325
0.5033547980
0.5038891285
0.5044239390
0.5049587918
0.5054936865
0.5060295768
0.5065655182
0.5071015017
0.5076379423
0.5081749741
0.5087120476
0.5092491630
0.5097871558
0.5103253211
0.5108635281
0.5114020599
0.5119413187
0.5124806187
0.5130199605
0.5135600366
0.5141004318
0.5146408678
0.5151814712
0.5157229628
0.5162644954
0.5168060689
0.5173482087
0.5178908392
0.5184335106
0.5189762228
0.5195198956
0.5200636664
0.5206074777
0.5211516607
0.5216965325
0.5222414447
0.5227863974
0.5233321051
0.5238781197
0.5244241747
0.5249703805
0.5255174991
0.5260646579
0.5266118568
0.5271595789
0.5277078431
0.5282561473
0.5288044914
0.5293537260
0.5299031371
0.5304525879
0.5310023025
0.5315528221
0.5321033812
0.5326539798
0.5332051983
0.5337568674
0.5343085758
0.5348603235
0.5354130422
0.5359658620
0.5365187209
0.5370719014
0.5376258342
0.5381798059
0.5387338166
0.5392884878
0.5398435740
0.5403986989
0.5409538627
0.5415100210
0.5420662618
0.5426225411
0.5431791430
0.5437365006
0.5442938972
0.5448513321
0.5454094116
0.5459679266
0.5465264802
0.5470850719
0.5476446251
0.5482042987
0.5487640105
0.5493239879
0.5498847831
0.5504456164
0.5510064876
0.5515679289
0.5521298852
0.5526918795
0.5532539113
0.5538168124
0.5543799310
0.5549430873
0.5555063930
0.5560706377
0.5566349200
0.5571992395
0.5577639949
0.5583294045
0.5588948515
0.5594603354
0.5600265363
0.5605931120
0.5611597249
0.5617263745
0.5622940166
0.5628617595
0.5634295395
0.5639975598
0.5645664348
0.5651353461
0.5657042943
0.5662737453
0.5668437902
0.5674138711
0.5679839886
0.5685548657
0.5691260816
0.5696973333
0.5702686213
0.5708409200
0.5714133080
0.5719857317
0.5725583814
0.5731319070
0.5737054683
0.5742790651
0.5748531254
0.5754278257
0.5760025614
0.5765773324
0.5771527986
0.5777286747
0.5783045860
0.5788805324
0.5794573998
0.5800344529
0.5806115409
0.5811887310
0.5817669275
0.5823451588
0.5829234246
0.5835020045
0.5840813805
0.5846607910
0.5852402358
0.5858202004
0.5864007571
0.5869813480
0.5875619729
0.5881433174
0.5887250558
0.5893068282
0.5898886344
0.5904713536
0.5910542749
0.5916372301
0.5922202354
0.5928043074
0.5933884128
0.5939725518
0.5945569197
0.5951421771
0.5957274677
0.5963127916
0.5968985170
0.5974849608
0.5980714378
0.5986579477
0.5992450253
0.5998326568
0.6004203212
0.6010080183
0.6015964428
0.6021852631
0.6027741161
0.6033630015
0.6039527674
0.6045427778
0.6051328204
0.6057228952
0.6063139973
0.6069051987
0.6074964321
0.6080877686
0.6086801301
0.6092725238
0.6098649492
0.6104576089
0.6110511640
0.6116447511
0.6122383694
0.6128323468
0.6134270965
0.6140218781
0.6146166906
0.6152119802
0.6158079256
0.6164039028
0.6169999106
0.6175965066
0.6181936490
0.6187908226
0.6193880270
0.6199859236
0.6205842641
0.6211826355
0.6217810374
0.6223802289
0.6229797686
0.6235793388
0.6241789394
0.6247794198
0.6253801599
0.6259809301
0.6265817304
0.6271834939
0.6277854354
0.6283874067
0.6289894079
0.6295924485
0.6301955925
0.6307987661
0.6314019692
0.6320062810
0.6326106285
0.6332150056
0.6338194653
0.6344249885
0.6350305408
0.6356361223
0.6362418390
0.6368485684
0.6374553265
0.6380621135
0.6386690810
0.6392770176
0.6398849827
0.6404929763
0.6411011884
0.6417103332
0.6423195065
0.6429287076
0.6435381580
0.6441485123
0.6447588948
0.6453693048
0.6459799869
0.6465915518
0.6472031445
0.6478147646
0.6484266717
0.6490394481
0.6496522519
0.6502650828
0.6508782083
0.6514921969
0.6521062125
0.6527202550
0.6533345921
0.6539497937
0.6545650220
0.6551802767
0.6557958184
0.6564122338
0.6570286754
0.6576451432
0.6582618823
0.6588795121
0.6594971680
0.6601148496
0.6607327788
0.6613516241
0.6619704948
0.6625893911
0.6632085035
0.6638285649
0.6644486513
0.6650687630
0.6656890514
0.6663103298
0.6669316327
0.6675529606
0.6681744175
0.6687969132
0.6694194336
0.6700419783
0.6706645965
0.6712883104
0.6719120489
0.6725358113
0.6731595977
0.6737845163
0.6744094736
0.6750344544
0.6756594589
0.6762855259
0.6769117026
0.6775379026
0.6781641259
0.6787913337
0.6794187307
0.6800461507
0.6806735936
0.6813019343
0.6819305524
0.6825591931
0.6831878564
0.6838173225
0.6844471624
0.6850770246
0.6857069090
0.6863374928
0.6869685553
0.6875996398
0.6882307460
0.6888624398
0.6894947255
0.6901270331
0.6907593619
0.6913921579
0.6920256675
0.6926591990
0.6932927512
0.6939266413
0.6945613758
0.6951961315
0.6958309080
0.6964658843
0.6971018447
0.6977378254
0.6983738268
0.6990098813
0.6996470680
0.7002842747
0.7009215018
0.7015587487
0.7021970402
0.7028354737
0.7034739271
0.7041124001
0.7047517551
0.7053914162
0.7060310967
0.7066707964
0.7073112070
0.7079520963
0.7085930047
0.7092339320
0.7098753897
0.7105175080
0.7111596449
0.7118018005
0.7124442970
0.7130876451
0.7137310113
0.7143743960
0.7150179229
0.7156625014
0.7163070977
0.7169517119
0.7175963440
0.7182420706
0.7188878980
0.7195337422
0.7201796045
0.7208263463
0.7214734052
0.7221204809
0.7227675737
0.7234153221
0.7240636132
0.7247119210
0.7253602452
0.7260089914
0.7266585156
0.7273080560
0.7279576126
0.7286073477
0.7292581057
0.7299088795
0.7305596691
0.7312104745
0.7318623768
0.7325143848
0.7331664081
0.7338184468
0.7344713222
0.7351245649
0.7357778227
0.7364310954
0.7370849350
0.7377394133
0.7383939063
0.7390484137
0.7397032083
0.7403589229
0.7410146517
0.7416703947
0.7423261518
0.7429830867
0.7436400521
0.7442970315
0.7449540241
0.7456118975
0.7462701003
0.7469283165
0.7475865459
0.7482453480
0.7489047889
0.7495642427
0.7502237095
0.7508834315
0.7515441111
0.7522048032
0.7528655079
0.7535262249
0.7541880589
0.7548499901
0.7555119333
0.7561738887
0.7568366257
0.7574997965
0.7581629791
0.7588261733
0.7594898032
0.7601542144
0.7608186369
0.7614830708
0.7621475843
0.7628132365
0.7634788997
0.7641445738
0.7648102586
0.7654768548
0.7661437595
0.7668106744
0.7674775999
0.7681450620
0.7688132086
0.7694813652
0.7701495318
0.7708178502
0.7714872390
0.7721566380
0.7728260465
0.7734954644
0.7741658432
0.7748364850
0.7755071360
0.7761777960
0.7768490131
0.7775208981
0.7781927923
0.7788646951
0.7795367401
0.7802098694
0.7808830071
0.7815561532
0.7822293072
0.7829033894
0.7835777708
0.7842521600
0.7849265567
0.7856014473
0.7862770723
0.7869527046
0.7876283438
0.7883040318
0.7889809004
0.7896577756
0.7903346573
0.7910115450
0.7916892438
0.7923673617
0.7930454859
0.7937236152
0.7944020909
0.7950814518
0.7957608175
0.7964401889
0.7971195647
0.7978000338
0.7984806417
0.7991612542
0.7998418710
0.8005230960
0.8012049460
0.8018867995
0.8025686572
0.8032506266
0.8039337183
0.8046168132
0.8052999111
0.8059830121
0.8066669470
0.8073512828
0.8080356211
0.8087199617
0.8094046198
0.8100901963
0.8107757746
0.8114613548
0.8121469365
0.8128335414
0.8135203596
0.8142071789
0.8148939993
0.8155813055
0.8162693634
0.8169574216
0.8176454804
0.8183335393
0.8190227734
0.8197120705
0.8204013669
0.8210906635
0.8217805767
0.8224711123
0.8231616468
0.8238521798
0.8245427602
0.8252345336
0.8259263053
0.8266180749
0.8273098426
0.8280023204
0.8286953285
0.8293883341
0.8300813368
0.8307744579
0.8314687020
0.8321629427
0.8328571798
0.8335514132
0.8342464108
0.8349418859
0.8356373567
0.8363328230
0.8370284404
0.8377251491
0.8384218529
0.8391185513
0.8398152445
0.8405127170
0.8412106529
0.8419085828
0.8426065064
0.8433045742
0.8440037414
0.8447029019
0.8454020555
0.8461012017
0.8468011031
0.8475014933
0.8482018759
0.8489022505
0.8496027218
0.8503043410
0.8510059516
0.8517075535
0.8524091464
0.8531114287
0.8538142665
0.8545170947
0.8552199133
0.8559227407
0.8566268045
0.8573308581
0.8580349012
0.8587389336
0.8594435494
0.8601488273
0.8608540939
0.8615593490
0.8622645924
0.8629709851
0.8636774741
0.8643839508
0.8650904149
0.8657973142
0.8665050244
0.8672127211
0.8679204044
0.8686280737
0.8693367253
0.8700456404
0.8707545408
0.8714634265
0.8721725569
0.8728826882
0.8735928041
0.8743029040
0.8750129880
0.8757238443
0.8764351736
0.8771464858
0.8778577809
0.8785690880
0.8792816281
0.8799941508
0.8807066551
0.8814191409
0.8821321470
0.8828458776
0.8835595891
0.8842732809
0.8849869530
0.8857016449
0.8864165612
0.8871314569
0.8878463317
0.8885614308
0.8892775497
0.8899936470
0.8907097221
0.8914257751
0.8921425321
0.8928598284
0.8935771018
0.8942943516
0.8950115778
0.8957299788
0.8964484478
0.8971668921
0.8978853115
0.8986040750
0.8993237362
0.9000433717
0.9007629807
0.9014825627
0.9022029390
0.9029237611
0.9036445555
0.9043653213
0.9050860582
0.9058080302
0.9065300053
0.9072519505
0.9079738652
0.9086961477
0.9094192994
0.9101424194
0.9108655074
0.9115885628
0.9123124060
0.9130366962
0.9137609529
0.9144851752
0.9152093628
0.9159347488
0.9166601691
0.9173855537
0.9181109017
0.9188365441
0.9195631235
0.9202896650
0.9210161689
0.9217426336
0.9224697823
0.9231974762
0.9239251298
0.9246527435
0.9253803162
0.9261089522
0.9268377513
0.9275665078
0.9282952221
0.9290240579
0.9297539964
0.9304838904
0.9312137395
0.9319435434
0.9326738266
0.9334048514
0.9341358290
0.9348667591
0.9355976412
0.9363293504
0.9370614499
0.9377934995
0.9385254990
0.9392574475
0.9399905608
0.9407237231
0.9414568327
0.9421898894
0.9429231195
0.9436573873
0.9443916002
0.9451257574
0.9458598590
0.9465944491
0.9473297577
0.9480650084
0.9488002004
0.9495353340
0.9502712612
0.9510075977
0.9517438733
0.9524800870
0.9532162393
0.9539534800
0.9546908309
0.9554281178
0.9561653399
0.9569026092
0.9576410268
0.9583793767
0.9591176576
0.9598558682
0.9605943947
0.9613337896
0.9620731102
0.9628123550
0.9635515231
0.9642912648
0.9650316052
0.9657718645
0.9665120412
0.9672521344
0.9679930479
0.9687343011
0.9694754661
0.9702165414
0.9709575263
0.9716995671
0.9724416990
0.9731837356
0.9739256751
0.9746675621
0.9754106392
0.9761536148
0.9768964877
0.9776392559
0.9783821831
0.9791260751
0.9798698580
0.9806135304
0.9813570905
0.9821010097
0.9828456792
0.9835902317
0.9843346656
0.9850789794
0.9858238409
0.9865692491
0.9873145321
0.9880596883
0.9888047159
0.9895504661
0.9902965642
0.9910425191
0.9917883257
0.9925339787
0.9932805015
0.9940271690
0.9947736623
0.9955199744
0.9962660981
0.9970132193
0.9977602858
0.9985071246
0.9992537060
1.0000000000
