1.2377817706
1.2377806193
1.2377734244
1.2377602389
1.2377411791
1.2377163097
1.2376856666
1.2376492706
1.2376071331
1.2375592608
1.2375056576
1.2374463247
1.2373812622
1.2373104690
1.2372339432
1.2371516824
1.2370636835
1.2369699437
1.2368704600
1.2367652285
1.2366542449
1.2365375052
1.2364150053
1.2362867419
1.2361527127
1.2360129155
1.2358673468
1.2357160025
1.2355588785
1.2353959713
1.2352272786
1.2350527998
1.2348725374
1.2346864932
1.2344946668
1.2342970579
1.2340936661
1.2338844927
1.2336695410
1.2334488194
1.2332223400
1.2329901118
1.2327521381
1.2325084203
1.2322589585
1.2320037557
1.2317428197
1.2314761620
1.2312037978
1.2309257477
1.2306420374
1.2303526874
1.2300577096
1.2297571114
1.2294509025
1.2291391039
1.2288217416
1.2284988467
1.2281704572
1.2278366185
1.2274973638
1.2271527114
1.2268026721
1.2264472538
1.2260864680
1.2257203420
1.2253489110
1.2249722176
1.2245903136
1.2242032580
1.2238111019
1.2234138878
1.2230116550
1.2226044419
1.2221922961
1.2217752722
1.2213534073
1.2209267388
1.2204953032
1.2200591400
1.2196183018
1.2191728742
1.2187229306
1.2182685163
1.2178096652
1.2173464071
1.2168787722
1.2164068062
1.2159305732
1.2154501418
1.2149655645
1.2144768857
1.2139841453
1.2134873794
1.2129866160
1.2124818906
1.2119732581
1.2114607700
1.2109444402
1.2104242797
1.2099003375
1.2093726597
1.2088412334
1.2083060764
1.2077672707
1.2072249113
1.2066790459
1.2061296997
1.2055768911
1.2050206818
1.2044611616
1.2038983977
1.2033324601
1.2027634187
1.2021913503
1.2016163449
1.2010384821
1.2004578442
1.1998745139
1.1992885750
1.1987001116
1.1981092067
1.1975159422
1.1969203998
1.1963226609
1.1957228121
1.1951209456
1.1945171548
1.1939115341
1.1933041636
1.1926951138
1.1920844612
1.1914722856
1.1908586651
1.1902436778
1.1896274017
1.1890099210
1.1883913292
1.1877717083
1.1871511350
1.1865296842
1.1859074320
1.1852844528
1.1846608172
1.1840365931
1.1834118455
1.1827866397
1.1821610402
1.1815351151
1.1809089407
1.1802825926
1.1796561414
1.1790296560
1.1784032036
1.1777768518
1.1771506671
1.1765247074
1.1758990223
1.1752736581
1.1746486601
1.1740240726
1.1733999482
1.1727763628
1.1721533866
1.1715310776
1.1709094875
1.1702886656
1.1696686597
1.1690495160
1.1684312805
1.1678139994
1.1671977168
1.1665824679
1.1659682871
1.1653552180
1.1647433057
1.1641325949
1.1635231294
1.1629149528
1.1623081092
1.1617026371
1.1610985682
1.1604959328
1.1598947591
1.1592950799
1.1586969312
1.1581003479
1.1575053652
1.1569120182
1.1563203387
1.1557303536
1.1551420876
1.1545555641
1.1539708053
1.1533878324
1.1528066665
1.1522273289
1.1516498443
1.1510742374
1.1505005321
1.1499287522
1.1493589207
1.1487910576
1.1482251808
1.1476613072
1.1470994526
1.1465396320
1.1459818599
1.1454261510
1.1448725198
1.1443209811
1.1437715487
1.1432242363
1.1426790572
1.1421360236
1.1415951479
1.1410564432
1.1405199243
1.1399856135
1.1394535561
1.1389238710
1.1388625740
1.1387980639
1.1387303885
1.1386595450
1.1385854883
1.1385082451
1.1384277980
1.1383441646
1.1382573256
1.1381673010
1.1380741023
1.1379777490
1.1378782333
1.1377755666
1.1376697624
1.1375608223
1.1374487604
1.1373335894
1.1372153215
1.1370939591
1.1369695135
1.1368420048
1.1367114393
1.1365778342
1.1364411991
1.1363015363
1.1361588792
1.1360132241
1.1358645905
1.1357130007
1.1355584518
1.1354009809
1.1352405803
1.1350772806
1.1349110975
1.1347420342
1.1345701109
1.1343953411
1.1342177512
1.1340373559
1.1338541619
1.1336681984
1.1334794789
1.1332880040
1.1330938174
1.1328969439
1.1326973677
1.1324951040
1.1322902079
1.1320827054
1.1318725655
1.1316598121
1.1314445114
1.1312266774
1.1310062804
1.1307833829
1.1305579889
1.1303301179
1.1300997961
1.1298670472
1.1296318846
1.1293943371
1.1291544227
1.1289121573
1.1286675846
1.1284206835
1.1281715194
1.1279200911
1.1276664327
1.1274105654
1.1271525097
1.1268922843
1.1266299148
1.1263654281
1.1260988458
1.1258302215
1.1255594759
1.1252867801
1.1250120774
1.1247353703
1.1244567183
1.1241761997
1.1238937119
1.1236093348
1.1233231764
1.1230351352
1.1227453220
1.1224537316
1.1221603645
1.1218652604
1.1215685432
1.1212700799
1.1209699484
1.1206682642
1.1203649028
1.1200599813
1.1197535853
1.1194455887
1.1191360943
1.1188252165
1.1185127992
1.1181990050
1.1178839051
1.1175673698
1.1172494741
1.1169303330
1.1166099274
1.1162881624
1.1159652606
1.1156411452
1.1153158754
1.1149894512
1.1146618514
1.1143332165
1.1140035435
1.1136727407
1.1133409934
1.1130081919
1.1126745152
1.1123398794
1.1120043190
1.1116678838
1.1113305915
1.1109924463
1.1106534915
1.1103137971
1.1099733858
1.1096321043
1.1092902241
1.1089476218
1.1086044232
1.1082605469
1.1079160461
1.1075710494
1.1072253935
1.1068792534
1.1065327151
1.1061856025
1.1058380063
1.1054901088
1.1051417307
1.1047929623
1.1044439281
1.1040944607
1.1037447903
1.1033948019
1.1030445783
1.1026941542
1.1023434593
1.1019926528
1.1016416840
1.1012904519
1.1009392456
1.1005879411
1.1002364793
1.0998850045
1.0995334886
1.0991819681
1.0988304388
1.0984789859
1.0981275741
1.0977761826
1.0974249457
1.0970738392
1.0967228707
1.0963720291
1.0960213296
1.0956709207
1.0953207178
1.0949706856
1.0946210360
1.0942715525
1.0939224298
1.0935736319
1.0932251131
1.0928769753
1.0925291927
1.0921818393
1.0918347992
1.0914882472
1.0911421432
1.0907964249
1.0904511687
1.0901064281
1.0897621652
1.0894184181
1.0890752184
1.0887325695
1.0883904890
1.0880490073
1.0877081213
1.0873677737
1.0870280838
1.0866891298
1.0863507212
1.0860129893
1.0856760152
1.0853396345
1.0850039486
1.0846690768
1.0843347803
1.0840013842
1.0836685471
1.0833366051
1.0830053926
1.0826749287
1.0823453133
1.0820164757
1.0816884280
1.0813612175
1.0810348438
1.0807093491
1.0803846712
1.0800608203
1.0797378872
1.0794159254
1.0790947465
1.0787745129
1.0784551479
1.0781367577
1.0778192840
1.0775027053
1.0771870589
1.0768723628
1.0765586774
1.0762458279
1.0759340189
1.0756232062
1.0753132809
1.0750044060
1.0746965049
1.0743895821
1.0740837172
1.0737787921
1.0734749312
1.0731720446
1.0728701643
1.0725693633
1.0722695861
1.0719707933
1.0716730822
1.0713764591
1.0710808551
1.0707862710
1.0704927645
1.0702003135
1.0699089937
1.0696185609
1.0693293232
1.0690410947
1.0687539737
1.0684679376
1.0681829711
1.0678990570
1.0676162437
1.0673344714
1.0670539066
1.0667743082
1.0664958085
1.0662184706
1.0659421413
1.0656669426
1.0653928686
1.0651198667
1.0648479652
1.0645771516
1.0643074830
1.0640388652
1.0637713189
1.0635049012
1.0632395252
1.0629753202
1.0627121165
1.0624501133
1.0621891273
1.0619292869
1.0616705473
1.0614127867
1.0611562365
1.0609007631
1.0606463269
1.0603930328
1.0601407853
1.0598896347
1.0596395900
1.0593906732
1.0591427776
1.0588959723
1.0586502673
1.0584056438
1.0581620802
1.0579195554
1.0576781841
1.0574377980
1.0571985511
1.0569603261
1.0567232093
1.0564871051
1.0562521214
1.0560181135
1.0557852519
1.0555533947
1.0553225726
1.0550928384
1.0548641550
1.0546364798
1.0544098634
1.0541842765
1.0539597521
1.0537361853
1.0535137528
1.0532923070
1.0530718335
1.0528524136
1.0526339906
1.0524166491
1.0522002610
1.0519848696
1.0517705462
1.0515571668
1.0513448082
1.0511334131
1.0509230552
1.0507136755
1.0505052690
1.0502978853
1.0500914226
1.0498859947
1.0496814511
1.0494779468
1.0492754371
1.0490738072
1.0488731926
1.0486734805
1.0484747527
1.0482769588
1.0480801039
1.0478841780
1.0476892219
1.0474951557
1.0473020712
1.0471098748
1.0469185955
1.0467282402
1.0465387814
1.0463502425
1.0461626166
1.0459759011
1.0457900908
1.0456051299
1.0454211035
1.0452379457
1.0450556886
1.0448742727
1.0446937656
1.0445140888
1.0443353351
1.0441573866
1.0439803861
1.0438041701
1.0436288015
1.0434543252
1.0432806296
1.0431078606
1.0429358741
1.0427647461
1.0425944259
1.0424249306
1.0422562728
1.0420884262
1.0419214102
1.0417551676
1.0415897594
1.0414251324
1.0412613036
1.0410982825
1.0409360417
1.0407745783
1.0406139460
1.0404540026
1.0402948957
1.0401365856
1.0399789872
1.0398221722
1.0396661189
1.0395108156
1.0393562511
1.0392024850
1.0390494130
1.0388971088
1.0387455600
1.0385947005
1.0384446002
1.0382952723
1.0381465948
1.0379986462
1.0378514505
1.0377049240
1.0375591188
1.0374140566
1.0372696474
1.0371259404
1.0369829622
1.0368406598
1.0366990234
1.0365580645
1.0364178415
1.0362782492
1.0361393086
1.0360010827
1.0358635076
1.0357265792
1.0355903217
1.0354547298
1.0353197720
1.0351854753
1.0350518190
1.0349188139
1.0347864192
1.0346546698
1.0345235646
1.0343931181
1.0342632494
1.0341340176
1.0340054007
1.0338774124
1.0337500141
1.0336232128
1.0334970469
1.0333714895
1.0332465152
1.0331221223
1.0329983341
1.0328751313
1.0327525387
1.0326305079
1.0325090417
1.0323881773
1.0322678713
1.0321481514
1.0320289933
1.0319103779
1.0317923329
1.0316748549
1.0315579427
1.0314415861
1.0313257360
1.0312104628
1.0310957287
1.0309815355
1.0308678851
1.0307547602
1.0306421563
1.0305300948
1.0304185561
1.0303075325
1.0301970466
1.0300870752
1.0299776080
1.0298686514
1.0297601925
1.0296522657
1.0295448355
1.0294378941
1.0293314823
1.0292255244
1.0291200707
1.0290151081
1.0289106382
1.0288066519
1.0287031471
1.0286001496
1.0284975937
1.0283955086
1.0282938936
1.0281927733
1.0280920906
1.0279918797
1.0278921354
1.0277928598
1.0276940346
1.0275956582
1.0274977371
1.0274002545
1.0273032182
1.0272066336
1.0271104875
1.0270147764
1.0269195005
1.0268246624
1.0267302635
1.0266362919
1.0265427501
1.0264496339
1.0263569168
1.0262646349
1.0261727725
1.0260813235
1.0259902844
1.0258996546
1.0258094444
1.0257196409
1.0256302296
1.0255412322
1.0254526374
1.0253644302
1.0252766254
1.0251892173
1.0251021963
1.0250155647
1.0249293235
1.0248434683
1.0247579853
1.0246728869
1.0245881701
1.0245038283
1.0244198579
1.0243362660
1.0242530461
1.0241701909
1.0240877006
1.0240055801
1.0239238210
1.0238424156
1.0237613741
1.0236806922
1.0236003573
1.0235203903
1.0234407642
1.0233614800
1.0232825524
1.0232039750
1.0231257346
1.0230478310
1.0229702724
1.0228930531
1.0228161642
1.0227396121
1.0226633970
1.0225875179
1.0225119561
1.0224367245
1.0223618170
1.0222872379
1.0222129852
1.0221390437
1.0220654239
1.0219921263
1.0219191461
1.0218464701
1.0217741121
1.0217020666
1.0216303323
1.0215589037
1.0214877754
1.0214169489
1.0213464276
1.0212762186
1.0212063021
1.0211366706
1.0210673450
1.0209983160
1.0209295869
1.0208611446
1.0207929898
1.0207251283
1.0206575414
1.0205902550
1.0205232526
1.0204565297
1.0203900878
1.0203239281
1.0202580465
1.0201924397
1.0201271002
1.0200620388
1.0199972484
1.0199327282
1.0198684768
1.0198044959
1.0197407852
1.0196773421
1.0196141592
1.0195512370
1.0194885776
1.0194261821
1.0193640401
1.0193021537
1.0192405167
1.0191791374
1.0191180119
1.0190571450
1.0189965222
1.0189361558
1.0188760364
1.0188161620
1.0187565399
1.0186971501
1.0186380019
1.0185790975
1.0185204339
1.0184620130
1.0184038246
1.0183458829
1.0182881746
1.0182307011
1.0181734606
1.0181164476
1.0180596625
1.0180031091
1.0179467881
1.0178906959
1.0178348285
1.0177791893
1.0177237822
1.0176685782
1.0176135979
1.0175588452
1.0175043150
1.0174499983
1.0173959039
1.0173420293
1.0172883689
1.0172349071
1.0171816662
1.0171286438
1.0170758290
1.0170232242
1.0169708349
1.0169186480
1.0168666608
1.0168148805
1.0167633095
1.0167119397
1.0166607781
1.0166098191
1.0165590575
1.0165084871
1.0164581177
1.0164079488
1.0163579820
1.0163082169
1.0162586442
1.0162092463
1.0161600512
1.0161110493
1.0160622320
1.0160136165
1.0159651912
1.0159169424
1.0158688812
1.0158210091
1.0157733243
1.0157258275
1.0156785163
1.0156313748
1.0155844184
1.0155376493
1.0154910582
1.0154446490
1.0153984205
1.0153523582
1.0153064741
1.0152607750
1.0152152468
1.0151698992
1.0151247099
1.0150796970
1.0150348585
1.0149901941
1.0149457078
1.0149013731
1.0148572105
1.0148132204
1.0147693962
1.0147257482
1.0146822482
1.0146389148
1.0145957488
1.0145527494
1.0145099158
1.0144672324
1.0144247080
1.0143823511
1.0143401558
1.0142981247
1.0142562337
1.0142145024
1.0141729352
1.0141315220
1.0140902621
1.0140491485
1.0140081954
1.0139673936
1.0139267499
1.0138862502
1.0138458937
1.0138057003
1.0137656512
1.0137257544
1.0136859945
1.0136463804
1.0136069234
1.0135676137
1.0135284369
1.0134894098
1.0134505211
1.0134117868
1.0133731887
1.0133347247
1.0132964064
1.0132582350
1.0132202028
1.0131822954
1.0131445379
1.0131069145
1.0130694391
1.0130320820
1.0129948663
1.0129577905
1.0129208535
1.0128840391
1.0128473575
1.0128108146
1.0127744136
1.0127381292
1.0127019748
1.0126659545
1.0126300739
1.0125943058
1.0125586725
1.0125231727
1.0124878010
1.0124525430
1.0124174192
1.0123824225
1.0123475580
1.0123128033
1.0122781743
1.0122436809
1.0122093075
1.0121750419
1.0121409089
1.0121069032
1.0120730089
1.0120392298
1.0120055807
1.0119720561
1.0119386364
1.0119053362
1.0118721597
1.0118391032
1.0118061485
1.0117733183
1.0117406104
1.0117080094
1.0116755205
1.0116431500
1.0116108980
1.0115787453
1.0115467130
1.0115147996
1.0114829883
1.0114512847
1.0114197000
1.0113882295
1.0113568511
1.0113255916
1.0112944457
1.0112634045
1.0112324595
1.0112016332
1.0111709191
1.0111402967
1.0111097856
1.0110793850
1.0110490845
1.0110188865
1.0109887962
1.0109588073
1.0109289161
1.0108991346
1.0108694642
1.0108398738
1.0108103984
1.0107810268
1.0107517456
1.0107225659
1.0106934945
1.0106645139
1.0106356304
1.0106068526
1.0105781713
1.0105495794
1.0105210901
1.0104927044
1.0104644003
1.0104362005
1.0104081016
1.0103800852
1.0103521688
1.0103243503
1.0102966199
1.0102689828
1.0102414454
1.0102139943
1.0101866339
1.0101593725
1.0101321986
1.0101051113
1.0100781223
1.0100512218
1.0100244043
1.0099976845
1.0099710536
1.0099445030
1.0099180483
1.0098916840
1.0098653978
1.0098392058
1.0098131024
1.0097870763
1.0097611444
1.0097352990
1.0097095315
1.0096838557
1.0096582657
1.0096327533
1.0096073318
1.0095819935
1.0095567313
1.0095315602
1.0095064701
1.0094814566
1.0094565331
1.0094316878
1.0094069199
1.0093822412
1.0093576375
1.0093331134
1.0093086771
1.0092843116
1.0092600273
1.0092358301
1.0092116998
1.0091876523
1.0091636913
1.0091397934
1.0091159811
1.0090922496
1.0090685849
1.0090450040
1.0090214991
1.0089980644
1.0089747133
1.0089514327
1.0089282254
1.0089051004
1.0088820408
1.0088590580
1.0088361577
1.0088133170
1.0087905568
1.0087678733
1.0087452516
1.0087227105
1.0087002395
1.0086778385
1.0086555152
1.0086332549
1.0086110679
1.0085889591
1.0085669071
1.0085449339
1.0085230312
1.0085011917
1.0084794303
1.0084577309
1.0084360991
1.0084145463
1.0083930472
1.0083716248
1.0083502700
1.0083289767
1.0083077604
1.0082866014
1.0082655111
1.0082444934
1.0082235308
1.0082026416
1.0081818186
1.0081610551
1.0081403653
1.0081197306
1.0080991648
1.0080786678
1.0080582246
1.0080378543
1.0080175413
1.0079972932
1.0079771157
1.0079569869
1.0079369319
1.0079169350
1.0078969978
1.0078771310
1.0078573140
1.0078375641
1.0078178785
1.0077982453
1.0077786847
1.0077591727
1.0077397267
1.0077203424
1.0077010109
1.0076817481
1.0076625355
1.0076433859
1.0076242990
1.0076052619
1.0075862919
1.0075673717
1.0075485139
1.0075297168
1.0075109701
1.0074922896
1.0074736564
1.0074550862
1.0074365722
1.0074181096
1.0073997126
1.0073813607
1.0073630704
1.0073448358
1.0073266541
1.0073085346
1.0072904571
1.0072724431
1.0072544820
1.0072365724
1.0072187252
1.0072009207
1.0071831791
1.0071654843
1.0071478458
1.0071302626
1.0071127263
1.0070952516
1.0070778189
1.0070604452
1.0070431208
1.0070258482
1.0070086338
1.0069914594
1.0069743475
1.0069572781
1.0069402636
1.0069233005
1.0069063840
1.0068895266
1.0068727082
1.0068559474
1.0068392318
1.0068225676
1.0068059559
1.0067893891
1.0067728783
1.0067564046
1.0067399886
1.0067236177
1.0067072961
1.0066910251
1.0066747968
1.0066586251
1.0066424890
1.0066264107
1.0066103728
1.0065943861
1.0065784459
1.0065625492
1.0065467067
1.0065309015
1.0065151503
1.0064994380
1.0064837772
1.0064681587
1.0064525877
1.0064370647
1.0064215812
1.0064061516
1.0063907543
1.0063754128
1.0063601091
1.0063448536
1.0063296415
1.0063144726
1.0062993522
1.0062842681
1.0062692372
1.0062542390
1.0062392930
1.0062243847
1.0062095226
1.0061947024
1.0061799235
1.0061651919
1.0061504963
1.0061358519
1.0061212381
1.0061066768
1.0060921494
1.0060776689
1.0060632273
1.0060488281
1.0060344711
1.0060201523
1.0060058803
1.0059916418
1.0059774532
1.0059632927
1.0059491829
1.0059351063
1.0059210760
1.0059070820
1.0058931298
1.0058792169
1.0058653412
1.0058515095
1.0058377118
1.0058239607
1.0058102382
1.0057965655
1.0057829213
1.0057693243
1.0057557583
1.0057422360
1.0057287500
1.0057153026
1.0057018929
1.0056885198
1.0056751872
1.0056618878
1.0056486320
1.0056354066
1.0056222267
1.0056090733
1.0055959672
1.0055828882
1.0055698544
1.0055568497
1.0055438872
1.0055309571
1.0055180655
1.0055052086
1.0054923878
1.0054796036
1.0054668533
1.0054541414
1.0054414616
1.0054288217
1.0054162104
1.0054036415
1.0053910993
1.0053786010
1.0053661276
1.0053536985
1.0053412944
1.0053289329
1.0053165987
1.0053043048
1.0052920380
1.0052798117
1.0052676144
1.0052554536
1.0052433246
1.0052312306
1.0052191681
1.0052071397
1.0051951447
1.0051831818
1.0051712532
1.0051593550
1.0051474918
1.0051356583
1.0051238605
1.0051120912
1.0051003591
1.0050886535
1.0050769846
1.0050653423
1.0050537386
1.0050421593
1.0050306185
1.0050191017
1.0050076239
1.0049961693
1.0049847539
1.0049733613
1.0049620086
1.0049506775
1.0049393856
1.0049281155
1.0049168858
1.0049056757
1.0048945071
1.0048833578
1.0048722482
1.0048611593
1.0048501091
1.0048390801
1.0048280900
1.0048171206
1.0048061892
1.0047952787
1.0047844058
1.0047735526
1.0047627380
1.0047519446
1.0047411873
1.0047304511
1.0047197524
1.0047090728
1.0046984315
1.0046878088
1.0046772240
1.0046666579
1.0046561290
1.0046456195
1.0046351466
1.0046246929
1.0046142758
1.0046038780
1.0045935153
1.0045831733
1.0045728650
1.0045625779
1.0045523241
1.0045420918
1.0045318919
1.0045217136
1.0045115669
1.0045014431
1.0044913503
1.0044812802
1.0044712395
1.0044612228
1.0044512340
1.0044412721
1.0044313346
1.0044214243
1.0044115394
1.0044016809
1.0043918480
1.0043820427
1.0043722599
1.0043625057
1.0043527741
1.0043430712
1.0043333905
1.0043237386
1.0043141068
1.0043045072
1.0042949251
1.0042853759
1.0042758427
1.0042663424
1.0042568595
1.0042474078
1.0042379752
1.0042285723
1.0042191894
1.0042098337
1.0042005003
1.0041911925
1.0041819082
1.0041726479
1.0041634123
1.0041541990
1.0041450119
1.0041358449
1.0041267071
1.0041175864
1.0041084962
1.0040994218
1.0040903781
1.0040813503
1.0040723527
1.0040633722
1.0040544193
1.0040454854
1.0040365774
1.0040276915
1.0040188285
1.0040099891
1.0040011701
1.0039923766
1.0039836018
1.0039748542
1.0039661232
1.0039574213
1.0039487338
1.0039400757
1.0039314336
1.0039228184
1.0039142213
1.0039056486
1.0038970965
1.0038885662
1.0038800589
1.0038715705
1.0038631080
1.0038546615
1.0038462429
1.0038378381
1.0038294614
1.0038210998
1.0038127642
1.0038044462
1.0037961513
1.0037878767
1.0037796232
1.0037713919
1.0037631778
1.0037549891
1.0037468152
1.0037386689
1.0037305357
1.0037224282
1.0037143375
1.0037062700
1.0036982207
1.0036901925
1.0036821854
1.0036741957
1.0036662302
1.0036582795
1.0036503546
1.0036424424
1.0036345561
1.0036266855
1.0036188366
1.0036110068
1.0036031956
1.0035954065
1.0035876330
1.0035798842
1.0035721481
1.0035644374
1.0035567401
1.0035490660
1.0035414089
1.0035337714
1.0035261539
1.0035185524
1.0035109746
1.0035034098
1.0034958693
1.0034883422
1.0034808374
1.0034733484
1.0034658794
1.0034584296
1.0034509960
1.0034435848
1.0034361863
1.0034288116
1.0034214495
1.0034141096
1.0034067853
1.0033994799
1.0033921938
1.0033849222
1.0033776739
1.0033704367
1.0033632235
1.0033560223
1.0033488422
1.0033416785
1.0033345323
1.0033274051
1.0033202921
1.0033132022
1.0033061223
1.0032990648
1.0032920215
1.0032849970
1.0032779903
1.0032709978
1.0032640272
1.0032570673
1.0032501297
1.0032432049
1.0032362993
1.0032294101
1.0032225362
1.0032156822
1.0032088400
1.0032020197
1.0031952105
1.0031884217
1.0031816476
1.0031748903
1.0031681504
1.0031614232
1.0031547175
1.0031480225
1.0031413474
1.0031346869
1.0031280420
1.0031214157
1.0031148008
1.0031082071
1.0031016239
1.0030950600
1.0030885105
1.0030819768
1.0030754610
1.0030689560
1.0030624721
1.0030559989
1.0030495438
1.0030431036
1.0030366776
1.0030302706
1.0030238737
1.0030174971
1.0030111316
1.0030047826
1.0029984508
1.0029921300
1.0029858301
1.0029795381
1.0029732659
1.0029670061
1.0029607623
1.0029545350
1.0029483185
1.0029421216
1.0029359344
1.0029297648
1.0029236093
1.0029174675
1.0029113434
1.0029052284
1.0028991325
1.0028930478
1.0028869790
1.0028809252
1.0028748831
1.0028688596
1.0028628451
1.0028568481
1.0028508644
1.0028448936
1.0028389405
1.0028329960
1.0028270697
1.0028211546
1.0028152542
1.0028093696
1.0028034952
1.0027976388
1.0027917918
1.0027859610
1.0027801438
1.0027743382
1.0027685502
1.0027627706
1.0027570076
1.0027512574
1.0027455199
1.0027397989
1.0027340860
1.0027283906
1.0027227062
1.0027170355
1.0027113802
1.0027057337
1.0027001046
1.0026944851
1.0026888801
1.0026832894
1.0026777086
1.0026721446
1.0026665895
1.0026610494
1.0026555226
1.0026500061
1.0026445065
1.0026390148
1.0026335384
1.0026280746
1.0026226216
1.0026171854
1.0026117566
1.0026063430
1.0026009417
1.0025955514
1.0025901769
1.0025848099
1.0025794589
1.0025741192
1.0025687903
1.0025634775
1.0025581712
1.0025528809
1.0025476018
1.0025423340
1.0025370816
1.0025318360
1.0025266059
1.0025213869
1.0025161786
1.0025109859
1.0025057998
1.0025006288
1.0024954693
1.0024903200
1.0024851860
1.0024800588
1.0024749460
1.0024698450
1.0024647536
1.0024596774
1.0024546085
1.0024495534
1.0024445101
1.0024394765
1.0024344566
1.0024294452
1.0024244472
1.0024194606
1.0024144832
1.0024095200
1.0024045653
1.0023996224
1.0023946933
1.0023897706
1.0023848629
1.0023799643
1.0023750767
1.0023702031
1.0023653354
1.0023604820
1.0023556388
1.0023508051
1.0023459858
1.0023411731
1.0023363733
1.0023315849
1.0023268048
1.0023220386
1.0023172799
1.0023125332
1.0023077991
1.0023030712
1.0022983578
1.0022936530
1.0022889583
1.0022842772
1.0022796016
1.0022749396
1.0022702878
1.0022656446
1.0022610149
1.0022563919
1.0022517809
1.0022471818
1.0022425892
1.0022380098
1.0022334392
1.0022288781
1.0022243305
1.0022197883
1.0022152587
1.0022107395
1.0022062279
1.0022017295
1.0021972383
1.0021927578
1.0021882897
1.0021838271
1.0021793772
1.0021749365
1.0021705042
1.0021660848
1.0021616716
1.0021572699
1.0021528793
1.0021484948
1.0021441226
1.0021397597
1.0021354045
1.0021310627
1.0021267260
1.0021224006
1.0021180861
1.0021137788
1.0021094830
1.0021051946
1.0021009156
1.0020966490
1.0020923874
1.0020881376
1.0020838979
1.0020796646
1.0020754431
1.0020712297
1.0020670248
1.0020628319
1.0020586442
1.0020544675
1.0020503013
1.0020461409
1.0020419923
1.0020378516
1.0020337190
1.0020295982
1.0020254828
1.0020213781
1.0020172839
1.0020131948
1.0020091174
1.0020050483
1.0020009865
1.0019969362
1.0019928923
1.0019888575
1.0019848338
1.0019808146
1.0019768070
1.0019728077
1.0019688151
1.0019648337
1.0019608593
1.0019568934
1.0019529383
1.0019489885
1.0019450484
1.0019411187
1.0019371937
1.0019332797
1.0019293741
1.0019254749
1.0019215866
1.0019177048
1.0019138314
1.0019099688
1.0019061105
1.0019022627
1.0018984241
1.0018945907
1.0018907680
1.0018869529
1.0018831442
1.0018793467
1.0018755546
1.0018717711
1.0018679982
1.0018642295
1.0018604706
1.0018567213
1.0018529763
1.0018492420
1.0018455154
1.0018417950
1.0018380849
1.0018343811
1.0018306848
1.0018269986
1.0018233173
1.0018196450
1.0018159826
1.0018123238
1.0018086751
1.0018050350
1.0018013998
1.0017977745
1.0017941565
1.0017905447
1.0017869429
1.0017833469
1.0017797583
1.0017761796
1.0017726055
1.0017690399
1.0017654840
1.0017619314
1.0017583889
1.0017548547
1.0017513250
1.0017478049
1.0017442921
1.0017407849
1.0017372872
1.0017337957
1.0017303109
1.0017268356
1.0017233652
1.0017199026
1.0017164493
1.0017129999
1.0017095592
1.0017061276
1.0017026993
1.0016992803
1.0016958695
1.0016924629
1.0016890657
1.0016856755
1.0016822905
1.0016789147
1.0016755449
1.0016721812
1.0016688266
1.0016654772
1.0016621347
1.0016588013
1.0016554721
1.0016521506
1.0016488381
1.0016455290
1.0016422283
1.0016389363
1.0016356474
1.0016323673
1.0016290951
1.0016258268
1.0016225672
1.0016193148
1.0016160668
1.0016128275
1.0016095949
1.0016063671
1.0016031480
1.0015999346
1.0015967268
1.0015935278
1.0015903337
1.0015871461
1.0015839668
1.0015807919
1.0015776238
1.0015744642
1.0015713084
1.0015681599
1.0015650200
1.0015618832
1.0015587540
1.0015556334
1.0015525154
1.0015494056
1.0015463039
1.0015432050
1.0015401143
1.0015370311
1.0015339512
1.0015308794
1.0015278148
1.0015247538
1.0015217008
1.0015186546
1.0015156123
1.0015125780
1.0015095501
1.0015065263
1.0015035105
1.0015005006
1.0014974953
1.0014944979
1.0014915062
1.0014885193
1.0014855399
1.0014825661
1.0014795971
1.0014766359
1.0014736801
1.0014707290
1.0014677858
1.0014648475
1.0014619144
1.0014589890
1.0014560684
1.0014531529
1.0014502451
1.0014473421
1.0014444442
1.0014415539
1.0014386682
1.0014357878
1.0014329148
1.0014300463
1.0014271831
1.0014243274
1.0014214761
1.0014186301
1.0014157915
1.0014129572
1.0014101283
1.0014073067
1.0014044895
1.0014016773
1.0013988725
1.0013960720
1.0013932766
1.0013904885
1.0013877049
1.0013849260
1.0013821546
1.0013793875
1.0013766253
1.0013738702
1.0013711197
1.0013683738
1.0013656350
1.0013629010
1.0013601713
1.0013574488
1.0013547310
1.0013520175
1.0013493110
1.0013466094
1.0013439119
1.0013412213
1.0013385359
1.0013358543
1.0013331795
1.0013305102
1.0013278443
1.0013251852
1.0013225318
1.0013198815
1.0013172380
1.0013146004
1.0013119657
1.0013093376
1.0013067157
1.0013040964
1.0013014836
1.0012988774
1.0012962734
1.0012936758
1.0012910851
1.0012884962
1.0012859139
1.0012833380
1.0012807647
1.0012781973
1.0012756365
1.0012730785
1.0012705260
1.0012679800
1.0012654372
1.0012628994
1.0012603681
1.0012578404
1.0012553174
1.0012528007
1.0012502881
1.0012477795
1.0012452774
1.0012427797
1.0012402856
1.0012377977
1.0012353150
1.0012328352
1.0012303617
1.0012278937
1.0012254281
1.0012229687
1.0012205154
1.0012180639
1.0012156186
1.0012131794
1.0012107425
1.0012083111
1.0012058858
1.0012034633
1.0012010457
1.0011986342
1.0011962261
1.0011938223
1.0011914246
1.0011890308
1.0011866407
1.0011842565
1.0011818769
1.0011795004
1.0011771296
1.0011747642
1.0011724011
1.0011700438
1.0011676923
1.0011653426
1.0011629986
1.0011606604
1.0011583246
1.0011559938
1.0011536688
1.0011513469
1.0011490292
1.0011467172
1.0011444091
1.0011421044
1.0011398054
1.0011375109
1.0011352191
1.0011329329
1.0011306521
1.0011283732
1.0011260998
1.0011238320
1.0011215663
1.0011193055
1.0011170504
1.0011147980
1.0011125498
1.0011103073
1.0011080683
1.0011058326
1.0011036025
1.0011013768
1.0010991535
1.0010969357
1.0010947232
1.0010925122
1.0010903066
1.0010881065
1.0010859085
1.0010837151
1.0010815272
1.0010793422
1.0010771609
1.0010749849
1.0010728128
1.0010706436
1.0010684796
1.0010663204
1.0010641630
1.0010620109
1.0010598639
1.0010577189
1.0010555785
1.0010534433
1.0010513110
1.0010491823
1.0010470588
1.0010449391
1.0010428221
1.0010407102
1.0010386030
1.0010364974
1.0010343971
1.0010323016
1.0010302082
1.0010281191
1.0010260351
1.0010239542
1.0010218764
1.0010198038
1.0010177351
1.0010156685
1.0010136070
1.0010115505
1.0010094953
1.0010074449
1.0010053994
1.0010033564
1.0010013170
1.0009992826
1.0009972516
1.0009952232
1.0009931997
1.0009911807
1.0009891632
1.0009871505
1.0009851427
1.0009831369
1.0009811350
1.0009791379
1.0009771439
1.0009751527
1.0009731662
1.0009711841
1.0009692035
1.0009672276
1.0009652564
1.0009632872
1.0009613218
1.0009593611
1.0009574034
1.0009554485
1.0009534982
1.0009515521
1.0009496075
1.0009476676
1.0009457322
1.0009437987
1.0009418690
1.0009399438
1.0009380218
1.0009361023
1.0009341873
1.0009322766
1.0009303671
1.0009284622
1.0009265618
1.0009246634
1.0009227685
1.0009208781
1.0009189910
1.0009171060
1.0009152255
1.0009133493
1.0009114743
1.0009096037
1.0009077373
1.0009058734
1.0009040125
1.0009021559
1.0009003030
1.0008984518
1.0008966049
1.0008947622
1.0008929213
1.0008910840
1.0008892510
1.0008874209
1.0008855931
1.0008837696
1.0008819503
1.0008801320
1.0008783179
1.0008765080
1.0008747004
1.0008728957
1.0008710951
1.0008692982
1.0008675028
1.0008657115
1.0008639245
1.0008621391
1.0008603570
1.0008585791
1.0008568042
1.0008550313
1.0008532625
1.0008514978
1.0008497343
1.0008479746
1.0008462189
1.0008444658
1.0008427150
1.0008409683
1.0008392255
1.0008374837
1.0008357459
1.0008340120
1.0008322805
1.0008305515
1.0008288265
1.0008271050
1.0008253848
1.0008236686
1.0008219563
1.0008202459
1.0008185383
1.0008168346
1.0008151343
1.0008134353
1.0008117402
1.0008100490
1.0008083595
1.0008066730
1.0008049903
1.0008033108
1.0008016328
1.0007999586
1.0007982881
1.0007966193
1.0007949535
1.0007932915
1.0007916324
1.0007899749
1.0007883212
1.0007866712
1.0007850227
1.0007833773
1.0007817356
1.0007800968
1.0007784595
1.0007768260
1.0007751961
1.0007735677
1.0007719423
1.0007703205
1.0007687018
1.0007670844
1.0007654706
1.0007638605
1.0007622520
1.0007606463
1.0007590441
1.0007574451
1.0007558472
1.0007542530
1.0007526623
1.0007510735
1.0007494871
1.0007479042
1.0007463246
1.0007447460
1.0007431710
1.0007415994
1.0007400298
1.0007384624
1.0007368986
1.0007353382
1.0007337786
1.0007322224
1.0007306697
1.0007291191
1.0007275705
1.0007260253
1.0007244836
1.0007229429
1.0007214052
1.0007198709
1.0007183393
1.0007168091
1.0007152822
1.0007137588
1.0007122368
1.0007107174
1.0007092013
1.0007076883
1.0007061762
1.0007046674
1.0007031620
1.0007016585
1.0007001570
1.0006986588
1.0006971639
1.0006956698
1.0006941788
1.0006926911
1.0006912058
1.0006897220
1.0006882414
1.0006867641
1.0006852881
1.0006838145
1.0006823443
1.0006808769
1.0006794104
1.0006779471
1.0006764871
1.0006750289
1.0006735726
1.0006721195
1.0006706695
1.0006692205
1.0006677742
1.0006663312
1.0006648906
1.0006634512
1.0006620149
1.0006605818
1.0006591502
1.0006577207
1.0006562943
1.0006548710
1.0006534484
1.0006520287
1.0006506121
1.0006491978
1.0006477848
1.0006463748
1.0006449679
1.0006435624
1.0006421591
1.0006407587
1.0006393614
1.0006379647
1.0006365708
1.0006351800
1.0006337915
1.0006324042
1.0006310198
1.0006296385
1.0006282586
1.0006268806
1.0006255057
1.0006241336
1.0006227622
1.0006213937
1.0006200280
1.0006186647
1.0006173024
1.0006159430
1.0006145865
1.0006132317
1.0006118785
1.0006105283
1.0006091809
1.0006078344
1.0006064904
1.0006051492
1.0006038106
1.0006024727
1.0006011376
1.0005998054
1.0005984751
1.0005971461
1.0005958199
1.0005944966
1.0005931744
1.0005918543
1.0005905370
1.0005892225
1.0005879085
1.0005865971
1.0005852885
1.0005839821
1.0005826768
1.0005813742
1.0005800742
1.0005787759
1.0005774791
1.0005761850
1.0005748936
1.0005736033
1.0005723151
1.0005710295
1.0005697466
1.0005684643
1.0005671843
1.0005659072
1.0005646324
1.0005633582
1.0005620868
1.0005608181
1.0005595509
1.0005582852
1.0005570220
1.0005557615
1.0005545022
1.0005532447
1.0005519898
1.0005507374
1.0005494858
1.0005482364
1.0005469896
1.0005457453
1.0005445014
1.0005432601
1.0005420214
1.0005407847
1.0005395489
1.0005383156
1.0005370848
1.0005358556
1.0005346278
1.0005334024
1.0005321796
1.0005309578
1.0005297379
1.0005285204
1.0005273054
1.0005260910
1.0005248788
1.0005236691
1.0005224619
1.0005212550
1.0005200506
1.0005188486
1.0005176486
1.0005164493
1.0005152526
1.0005140582
1.0005128655
1.0005116739
1.0005104847
1.0005092979
1.0005081124
1.0005069283
1.0005057466
1.0005045673
1.0005033890
1.0005022123
1.0005010381
1.0004998662
1.0004986950
1.0004975257
1.0004963588
1.0004951943
1.0004940302
1.0004928682
1.0004917086
1.0004905512
1.0004893942
1.0004882396
1.0004870872
1.0004859367
1.0004847869
1.0004836394
1.0004824943
1.0004813507
1.0004802080
1.0004790676
1.0004779295
1.0004767928
1.0004756572
1.0004745239
1.0004733928
1.0004722629
1.0004711343
1.0004700079
1.0004688838
1.0004677606
1.0004666390
1.0004655195
1.0004644023
1.0004632859
1.0004621711
1.0004610585
1.0004599481
1.0004588383
1.0004577303
1.0004566245
1.0004555209
1.0004544176
1.0004533164
1.0004522173
1.0004511203
1.0004500237
1.0004489291
1.0004478367
1.0004467464
1.0004456562
1.0004445683
1.0004434824
1.0004423985
1.0004413149
1.0004402335
1.0004391542
1.0004380767
1.0004369997
1.0004359247
1.0004348518
1.0004337807
1.0004327101
1.0004316415
1.0004305750
1.0004295103
1.0004284460
1.0004273838
1.0004263236
1.0004252651
1.0004242072
1.0004231513
1.0004220973
1.0004210451
1.0004199934
1.0004189436
1.0004178960
1.0004168499
1.0004158043
1.0004147608
1.0004137193
1.0004126792
1.0004116398
1.0004106024
1.0004095669
1.0004085330
1.0004074996
1.0004064682
1.0004054388
1.0004044109
1.0004033835
1.0004023581
1.0004013346
1.0004003127
1.0003992913
1.0003982718
1.0003972543
1.0003962382
1.0003952227
1.0003942091
1.0003931973
1.0003921872
1.0003911775
1.0003901697
1.0003891637
1.0003881595
1.0003871555
1.0003861534
1.0003851532
1.0003841547
1.0003831564
1.0003821600
1.0003811655
1.0003801728
1.0003791801
1.0003781894
1.0003772004
1.0003762133
1.0003752263
1.0003742412
1.0003732578
1.0003722762
1.0003712949
1.0003703152
1.0003693373
1.0003683613
1.0003673855
1.0003664113
1.0003654388
1.0003644682
1.0003634980
1.0003625291
1.0003615620
1.0003605968
1.0003596321
1.0003586686
1.0003577069
1.0003567469
1.0003557876
1.0003548295
1.0003538730
1.0003529183
1.0003519645
1.0003510115
1.0003500603
1.0003491107
1.0003481623
1.0003472145
1.0003462684
1.0003453241
1.0003443809
1.0003434383
1.0003424973
1.0003415580
1.0003406202
1.0003396826
1.0003387467
1.0003378124
1.0003368798
1.0003359472
1.0003350163
1.0003340871
1.0003331595
1.0003322320
1.0003313061
1.0003303817
1.0003294591
1.0003285367
1.0003276157
1.0003266962
1.0003257784
1.0003248612
1.0003239449
1.0003230303
1.0003221173
1.0003212052
1.0003202938
1.0003193839
1.0003184757
1.0003175685
1.0003166618
1.0003157567
1.0003148531
1.0003139510
1.0003130490
1.0003121485
1.0003112496
1.0003103523
1.0003094550
1.0003085591
1.0003076648
1.0003067721
1.0003058797
1.0003049884
1.0003040987
1.0003032104
1.0003023228
1.0003014361
1.0003005508
1.0002996671
1.0002987843
1.0002979020
1.0002970212
1.0002961418
1.0002952638
1.0002943859
1.0002935095
1.0002926346
1.0002917611
1.0002908877
1.0002900156
1.0002891450
1.0002882758
1.0002874071
1.0002865392
1.0002856730
1.0002848081
1.0002839438
1.0002830803
1.0002822182
1.0002813576
1.0002804979
1.0002796385
1.0002787806
1.0002779241
1.0002770690
1.0002762138
1.0002753599
1.0002745075
1.0002736565
1.0002728058
1.0002719560
1.0002711076
1.0002702607
1.0002694144
1.0002685686
1.0002677243
1.0002668813
1.0002660393
1.0002651976
1.0002643572
1.0002635181
1.0002626804
1.0002618427
1.0002610062
1.0002601710
1.0002593372
1.0002585037
1.0002576711
1.0002568398
1.0002560098
1.0002551806
1.0002543517
1.0002535242
1.0002526980
1.0002518730
1.0002510479
1.0002502241
1.0002494016
1.0002485804
1.0002477593
1.0002469392
1.0002461204
1.0002453029
1.0002444860
1.0002436695
1.0002428543
1.0002420404
1.0002412275
1.0002404147
1.0002396031
1.0002387927
1.0002379836
1.0002371746
1.0002363665
1.0002355596
1.0002347540
1.0002339490
1.0002331444
1.0002323410
1.0002315388
1.0002307377
1.0002299366
1.0002291366
1.0002283378
1.0002275403
1.0002267428
1.0002259462
1.0002251508
1.0002243565
1.0002235629
1.0002227696
1.0002219775
1.0002211865
1.0002203967
1.0002196067
1.0002188178
1.0002180301
1.0002172435
1.0002164572
1.0002156715
1.0002148870
1.0002141035
1.0002133209
1.0002125383
1.0002117569
1.0002109766
1.0002101975
1.0002094182
1.0002086398
1.0002078625
1.0002070864
1.0002063107
1.0002055354
1.0002047612
1.0002039880
1.0002032158
1.0002024435
1.0002016722
1.0002009020
1.0002001329
1.0001993639
1.0001985955
1.0001978282
1.0001970619
1.0001962964
1.0001955309
1.0001947664
1.0001940029
1.0001932405
1.0001924780
1.0001917163
1.0001909556
1.0001901960
1.0001894368
1.0001886778
1.0001879199
1.0001871629
1.0001864069
1.0001856507
1.0001848954
1.0001841410
1.0001833877
1.0001826347
1.0001818819
1.0001811302
1.0001803794
1.0001796296
1.0001788794
1.0001781302
1.0001773819
1.0001766346
1.0001758875
1.0001751408
1.0001743949
1.0001736501
1.0001729060
1.0001721617
1.0001714183
1.0001706758
1.0001699343
1.0001691928
1.0001684517
1.0001677116
1.0001669724
1.0001662338
1.0001654951
1.0001647572
1.0001640202
1.0001632841
1.0001625480
1.0001618124
1.0001610776
1.0001603436
1.0001596104
1.0001588769
1.0001581442
1.0001574124
1.0001566814
1.0001559505
1.0001552199
1.0001544901
1.0001537611
1.0001530329
1.0001523043
1.0001515765
1.0001508495
1.0001501234
1.0001493973
1.0001486714
1.0001479463
1.0001472220
1.0001464985
1.0001457745
1.0001450513
1.0001443288
1.0001436071
1.0001428855
1.0001421640
1.0001414433
1.0001407233
1.0001400041
1.0001392844
1.0001385654
1.0001378470
1.0001371295
1.0001364121
1.0001356947
1.0001349779
1.0001342619
1.0001335466
1.0001328309
1.0001321157
1.0001314012
1.0001306873
1.0001299739
1.0001292601
1.0001285470
1.0001278345
1.0001271227
1.0001264108
1.0001256990
1.0001249879
1.0001242774
1.0001235675
1.0001228570
1.0001221471
1.0001214378
1.0001207292
1.0001200206
1.0001193118
1.0001186037
1.0001178961
1.0001171891
1.0001164817
1.0001157746
1.0001150681
1.0001143621
1.0001136564
1.0001129502
1.0001122446
1.0001115395
1.0001108349
1.0001101302
1.0001094254
1.0001087211
1.0001080173
1.0001073140
1.0001066100
1.0001059064
1.0001052032
1.0001045005
1.0001037980
1.0001030949
1.0001023924
1.0001016902
1.0001009885
1.0001002864
1.0000995842
1.0000988825
1.0000981812
1.0000974802
1.0000967784
1.0000960770
1.0000953759
1.0000946752
1.0000939744
1.0000932732
1.0000925722
1.0000918716
1.0000911713
1.0000904705
1.0000897695
1.0000890689
1.0000883685
1.0000876684
1.0000869674
1.0000862665
1.0000855659
1.0000848656
1.0000841651
1.0000834640
1.0000827630
1.0000820623
1.0000813617
1.0000806606
1.0000799591
1.0000792578
1.0000785566
1.0000778556
1.0000771536
1.0000764515
1.0000757495
1.0000750476
1.0000743456
1.0000736426
1.0000729396
1.0000722366
1.0000715337
1.0000708303
1.0000701261
1.0000694219
1.0000687176
1.0000680133
1.0000673081
1.0000666024
1.0000658965
1.0000651906
1.0000644845
1.0000637771
1.0000630695
1.0000623616
1.0000616537
1.0000609452
1.0000602354
1.0000595254
1.0000588151
1.0000581045
1.0000573930
1.0000566805
1.0000559676
1.0000552543
1.0000545406
1.0000538256
1.0000531097
1.0000523933
1.0000516764
1.0000509590
1.0000502398
1.0000495199
1.0000487994
1.0000480782
1.0000473562
1.0000466323
1.0000459076
1.0000451822
1.0000444559
1.0000437284
1.0000429990
1.0000422688
1.0000415375
1.0000408051
1.0000400711
1.0000393352
1.0000385982
1.0000378599
1.0000371203
1.0000363785
1.0000356348
1.0000348897
1.0000341429
1.0000333946
1.0000326434
1.0000318902
1.0000311353
1.0000303783
1.0000296192
1.0000288566
1.0000280919
1.0000273248
1.0000265549
1.0000257824
1.0000250061
1.0000242267
1.0000234441
1.0000226584
1.0000218687
1.0000210745
1.0000202764
1.0000194741
1.0000186675
1.0000178553
1.0000170377
1.0000162143
1.0000153851
1.0000145498
1.0000137065
1.0000128552
1.0000119959
1.0000111272
1.0000102481
1.0000093567
1.0000084518
1.0000075317
1.0000065938
1.0000056344
1.0000046466
1.0000036242
1.0000025511
1.0000013900
1.0000000000
