0.0000000000
-0.0029024259
-0.0043096998
-0.0052230107
-0.0061019515
-0.0068857278
-0.0077533098
-0.0086062468
-0.0094813449
-0.0103592117
-0.0112505406
-0.0121514805
-0.0130629826
-0.0139870486
-0.0149248768
-0.0158767954
-0.0168432967
-0.0178261877
-0.0188277299
-0.0198482256
-0.0208888312
-0.0219509645
-0.0230359559
-0.0241436386
-0.0252758392
-0.0264342162
-0.0276197936
-0.0288345549
-0.0300804255
-0.0313588864
-0.0326707881
-0.0340150817
-0.0353927699
-0.0368053123
-0.0382551278
-0.0397447062
-0.0412758367
-0.0428494307
-0.0444650397
-0.0461187899
-0.0478082541
-0.0495359849
-0.0513078355
-0.0531284948
-0.0550013314
-0.0569284164
-0.0589104058
-0.0609467425
-0.0630347054
-0.0651668751
-0.0673332591
-0.0695366771
-0.0717876467
-0.0740924759
-0.0764542364
-0.0788732322
-0.0813474083
-0.0838709084
-0.0864312738
-0.0890086291
-0.0916097772
-0.0942539117
-0.0969508059
-0.0997048568
-0.1025167296
-0.1053833011
-0.1082983321
-0.1112503308
-0.1142181690
-0.1171778893
-0.1201437138
-0.1231307694
-0.1261389873
-0.1291610251
-0.1321746900
-0.1351719992
-0.1381681125
-0.1411675633
-0.1441643426
-0.1471460276
-0.1500934937
-0.1529705192
-0.1557644443
-0.1584911962
-0.1611535905
-0.1637418892
-0.1662416240
-0.1686336917
-0.1708948845
-0.1729995145
-0.1749354453
-0.1766925135
-0.1782565425
-0.1796135773
-0.1807555853
-0.1816711333
-0.1823415382
-0.1827547911
-0.1829103248
-0.1828160517
-0.1824758267
-0.1818918923
-0.1810817027
-0.1800709292
-0.1788772352
-0.1775132809
-0.1759987996
-0.1743546803
-0.1726046227
-0.1707800137
-0.1689040961
-0.1669900175
-0.1650509608
-0.1630989198
-0.1611467463
-0.1592078987
-0.1572894545
-0.1553968892
-0.1535346588
-0.1517063073
-0.1499145134
-0.1481611170
-0.1464475941
-0.1447750001
-0.1431439977
-0.1415549588
-0.1400080248
-0.1385031169
-0.1370396302
-0.1356140785
-0.1342245216
-0.1328706375
-0.1315520496
-0.1302683381
-0.1290190597
-0.1278037444
-0.1266218933
-0.1254716464
-0.1243497387
-0.1232554904
-0.1221885511
-0.1211485617
-0.1201340835
-0.1191424837
-0.1181732226
-0.1172260534
-0.1163007542
-0.1153971029
-0.1145148119
-0.1136516488
-0.1128050909
-0.1119748930
-0.1111609397
-0.1103631322
-0.1095813692
-0.1088153908
-0.1080634544
-0.1073245020
-0.1065984423
-0.1058851961
-0.1051847020
-0.1044969113
-0.1038217822
-0.1031581130
-0.1025036934
-0.1018582622
-0.1012217844
-0.1005942292
-0.0999755736
-0.0993657951
-0.0987648670
-0.0981724130
-0.0975871443
-0.0970087537
-0.0964372226
-0.0958725335
-0.0953146731
-0.0947636306
-0.0942193931
-0.0936818930
-0.0931502590
-0.0926237658
-0.0921023697
-0.0915860415
-0.0910747620
-0.0905685151
-0.0900672852
-0.0895710577
-0.0890798039
-0.0885930707
-0.0881102435
-0.0876312553
-0.0871560768
-0.0866846796
-0.0862170370
-0.0857531216
-0.0852929072
-0.0848363711
-0.0843834909
-0.0839342454
-0.0834886118
-0.0830464888
-0.0826074565
-0.0821713636
-0.0817381807
-0.0813078779
-0.0808804284
-0.0804558021
-0.0800339695
-0.0796149039
-0.0791985759
-0.0787849622
-0.0783740259
-0.0779657445
-0.0775599516
-0.0771566921
-0.0767556885
-0.0763574609
-0.0759607910
-0.0755691009
-0.0751748019
-0.0752159253
-0.0751680375
-0.0751184572
-0.0750656286
-0.0750104577
-0.0749529608
-0.0748929902
-0.0748307227
-0.0747660606
-0.0746990781
-0.0746297592
-0.0745581279
-0.0744841852
-0.0744079465
-0.0743294174
-0.0742486097
-0.0741655322
-0.0740801941
-0.0739926051
-0.0739027768
-0.0738107180
-0.0737164403
-0.0736199527
-0.0735212688
-0.0734203993
-0.0733173636
-0.0732121732
-0.0731048382
-0.0729953702
-0.0728837844
-0.0727700956
-0.0726543125
-0.0725364499
-0.0724165230
-0.0722945419
-0.0721705248
-0.0720444814
-0.0719164239
-0.0717863703
-0.0716543390
-0.0715203315
-0.0713843736
-0.0712464760
-0.0711066497
-0.0709649175
-0.0708212830
-0.0706757684
-0.0705283842
-0.0703791532
-0.0702280817
-0.0700751749
-0.0699204741
-0.0697639726
-0.0696056996
-0.0694456489
-0.0692838625
-0.0691203373
-0.0689550889
-0.0687881376
-0.0686194975
-0.0684491850
-0.0682772136
-0.0681035929
-0.0679283381
-0.0677514985
-0.0675730958
-0.0673931692
-0.0672117047
-0.0670287505
-0.0668443048
-0.0666583937
-0.0664710214
-0.0662822115
-0.0660919776
-0.0659003323
-0.0657073026
-0.0655129007
-0.0653171377
-0.0651200206
-0.0649215907
-0.0647218268
-0.0645207886
-0.0643184448
-0.0641148459
-0.0639099900
-0.0637038949
-0.0634965670
-0.0632880291
-0.0630782978
-0.0628673830
-0.0626552940
-0.0624420527
-0.0622276888
-0.0620122847
-0.0617959341
-0.0615786182
-0.0613603842
-0.0611412281
-0.0609211634
-0.0607002296
-0.0604784157
-0.0602557596
-0.0600322577
-0.0598079494
-0.0595828186
-0.0593569097
-0.0591302265
-0.0589027712
-0.0586745861
-0.0584456640
-0.0582160271
-0.0579856752
-0.0577546406
-0.0575229359
-0.0572905610
-0.0570575342
-0.0568238738
-0.0565895837
-0.0563546835
-0.0561191746
-0.0558830801
-0.0556464107
-0.0554091650
-0.0551713540
-0.0549329963
-0.0546941078
-0.0544547610
-0.0542151146
-0.0539752243
-0.0537351034
-0.0534947377
-0.0532541806
-0.0530134090
-0.0527724557
-0.0525313339
-0.0522900539
-0.0520486259
-0.0518070587
-0.0515653689
-0.0513235863
-0.0510816694
-0.0508397013
-0.0505976355
-0.0503555104
-0.0501133292
-0.0498710923
-0.0496288309
-0.0493865407
-0.0491442444
-0.0489019448
-0.0486596138
-0.0484173021
-0.0481750064
-0.0479327274
-0.0476904943
-0.0474484470
-0.0472066598
-0.0469651411
-0.0467239031
-0.0464829521
-0.0462422976
-0.0460019555
-0.0457619339
-0.0455222330
-0.0452828671
-0.0450438345
-0.0448051305
-0.0445668262
-0.0443288612
-0.0440912810
-0.0438540705
-0.0436172529
-0.0433808103
-0.0431447480
-0.0429090926
-0.0426738412
-0.0424390050
-0.0422045627
-0.0419706695
-0.0417373961
-0.0415047557
-0.0412726898
-0.0410412885
-0.0408105303
-0.0405803780
-0.0403508964
-0.0401220661
-0.0398938673
-0.0396663527
-0.0394394765
-0.0392132761
-0.0389877516
-0.0387628870
-0.0385387195
-0.0383151882
-0.0380923828
-0.0378702063
-0.0376487543
-0.0374279506
-0.0372078554
-0.0369884066
-0.0367696825
-0.0365517637
-0.0363347015
-0.0361185033
-0.0359031408
-0.0356886680
-0.0354750108
-0.0352622441
-0.0350503401
-0.0348392738
-0.0346290905
-0.0344197787
-0.0342112967
-0.0340037094
-0.0337969887
-0.0335910981
-0.0333860908
-0.0331819409
-0.0329786523
-0.0327761935
-0.0325746153
-0.0323738831
-0.0321740018
-0.0319749859
-0.0317769549
-0.0315799119
-0.0313838392
-0.0311887325
-0.0309945872
-0.0308014193
-0.0306092179
-0.0304179875
-0.0302277136
-0.0300384077
-0.0298500322
-0.0296626208
-0.0294761608
-0.0292906566
-0.0291060937
-0.0289224788
-0.0287397937
-0.0285580477
-0.0283772276
-0.0281973503
-0.0280184578
-0.0278405683
-0.0276636714
-0.0274877704
-0.0273128586
-0.0271389338
-0.0269659878
-0.0267940187
-0.0266230349
-0.0264530079
-0.0262839529
-0.0261158515
-0.0259487005
-0.0257825105
-0.0256172588
-0.0254529530
-0.0252895841
-0.0251271446
-0.0249656302
-0.0248050351
-0.0246453618
-0.0244865990
-0.0243287959
-0.0241719831
-0.0240161250
-0.0238612489
-0.0237073368
-0.0235543871
-0.0234023980
-0.0232513664
-0.0231012827
-0.0229521242
-0.0228038971
-0.0226566000
-0.0225102344
-0.0223647908
-0.0222202588
-0.0220766168
-0.0219338825
-0.0217920495
-0.0216511187
-0.0215110509
-0.0213718603
-0.0212336110
-0.0210962696
-0.0209598378
-0.0208242882
-0.0206896432
-0.0205558975
-0.0204230206
-0.0202910164
-0.0201598870
-0.0200296368
-0.0199002222
-0.0197716696
-0.0196439721
-0.0195171097
-0.0193910700
-0.0192658771
-0.0191415053
-0.0190179395
-0.0188951935
-0.0187732583
-0.0186521275
-0.0185318508
-0.0184123960
-0.0182937520
-0.0181759377
-0.0180589207
-0.0179427124
-0.0178273166
-0.0177126836
-0.0175988566
-0.0174858124
-0.0173735262
-0.0172620290
-0.0171512762
-0.0170412901
-0.0169320546
-0.0168235561
-0.0167158171
-0.0166087856
-0.0165025009
-0.0163969300
-0.0162920931
-0.0161880009
-0.0160846292
-0.0159820119
-0.0158800883
-0.0157789150
-0.0156784235
-0.0155786649
-0.0154795898
-0.0153812244
-0.0152835437
-0.0151865553
-0.0150902271
-0.0149945963
-0.0148996187
-0.0148053201
-0.0147116679
-0.0146186799
-0.0145263244
-0.0144346290
-0.0143435523
-0.0142531303
-0.0141633210
-0.0140741765
-0.0139856453
-0.0138977702
-0.0138105051
-0.0137238774
-0.0136378606
-0.0135524620
-0.0134676712
-0.0133834805
-0.0132998990
-0.0132168930
-0.0131344944
-0.0130526647
-0.0129714216
-0.0128907551
-0.0128106498
-0.0127311241
-0.0126521357
-0.0125737164
-0.0124958477
-0.0124185176
-0.0123417449
-0.0122654889
-0.0121897811
-0.0121146213
-0.0120399870
-0.0119659044
-0.0118923408
-0.0118193048
-0.0117468025
-0.0116747978
-0.0116033178
-0.0115323541
-0.0114618771
-0.0113919140
-0.0113224489
-0.0112534632
-0.0111849767
-0.0111169762
-0.0110494425
-0.0109823987
-0.0109158279
-0.0108497111
-0.0107840688
-0.0107188916
-0.0106541545
-0.0105898799
-0.0105260688
-0.0104626979
-0.0103997861
-0.0103373303
-0.0102753131
-0.0102137318
-0.0101525975
-0.0100919016
-0.0100316187
-0.0099717720
-0.0099123537
-0.0098533488
-0.0097947561
-0.0097365824
-0.0096788238
-0.0096214596
-0.0095644990
-0.0095079440
-0.0094517886
-0.0093960115
-0.0093406276
-0.0092856342
-0.0092310275
-0.0091767887
-0.0091229270
-0.0090694447
-0.0090163381
-0.0089635999
-0.0089112302
-0.0088592333
-0.0088076052
-0.0087563406
-0.0087054253
-0.0086548701
-0.0086046705
-0.0085548269
-0.0085053252
-0.0084561647
-0.0084073475
-0.0083588733
-0.0083107373
-0.0082629309
-0.0082154511
-0.0081683011
-0.0081214789
-0.0080749816
-0.0080288050
-0.0079829356
-0.0079373822
-0.0078921429
-0.0078472145
-0.0078025943
-0.0077582774
-0.0077142579
-0.0076705448
-0.0076271348
-0.0075840267
-0.0075412168
-0.0074987033
-0.0074564739
-0.0074145355
-0.0073728860
-0.0073315226
-0.0072904431
-0.0072496462
-0.0072091278
-0.0071688785
-0.0071289040
-0.0070892017
-0.0070497698
-0.0070106060
-0.0069717081
-0.0069330737
-0.0068947010
-0.0068565779
-0.0068187146
-0.0067811038
-0.0067437477
-0.0067066410
-0.0066697827
-0.0066331716
-0.0065968040
-0.0065606793
-0.0065247904
-0.0064891379
-0.0064537249
-0.0064185516
-0.0063836151
-0.0063489152
-0.0063144478
-0.0062802132
-0.0062462074
-0.0062124295
-0.0061788788
-0.0061455513
-0.0061124431
-0.0060795548
-0.0060468864
-0.0060144342
-0.0059821985
-0.0059501755
-0.0059183654
-0.0058867647
-0.0058553737
-0.0058241890
-0.0057932100
-0.0057624339
-0.0057318600
-0.0057014860
-0.0056713114
-0.0056413329
-0.0056115512
-0.0055819625
-0.0055525653
-0.0055233585
-0.0054943410
-0.0054655115
-0.0054368682
-0.0054084100
-0.0053801348
-0.0053520421
-0.0053241293
-0.0052963960
-0.0052688400
-0.0052414610
-0.0052142566
-0.0051872257
-0.0051603668
-0.0051336792
-0.0051071629
-0.0050808185
-0.0050546431
-0.0050286362
-0.0050027968
-0.0049771226
-0.0049516135
-0.0049262679
-0.0049010842
-0.0048760611
-0.0048511984
-0.0048264932
-0.0048019458
-0.0047775540
-0.0047533175
-0.0047292342
-0.0047053040
-0.0046815238
-0.0046578953
-0.0046344140
-0.0046110804
-0.0045878959
-0.0045648558
-0.0045419609
-0.0045192092
-0.0044966003
-0.0044741316
-0.0044518029
-0.0044296132
-0.0044075615
-0.0043856471
-0.0043638691
-0.0043422259
-0.0043207164
-0.0042993403
-0.0042780955
-0.0042569828
-0.0042359992
-0.0042151457
-0.0041944194
-0.0041738209
-0.0041533477
-0.0041330009
-0.0041127772
-0.0040926782
-0.0040726992
-0.0040528413
-0.0040331037
-0.0040134863
-0.0039939875
-0.0039746063
-0.0039553443
-0.0039361993
-0.0039171721
-0.0038982601
-0.0038794640
-0.0038607823
-0.0038422140
-0.0038237579
-0.0038054112
-0.0037871760
-0.0037690506
-0.0037510357
-0.0037331288
-0.0037153303
-0.0036976390
-0.0036800542
-0.0036625756
-0.0036452018
-0.0036279296
-0.0036107603
-0.0035936924
-0.0035767276
-0.0035598634
-0.0035431002
-0.0035264366
-0.0035098726
-0.0034934070
-0.0034770382
-0.0034607636
-0.0034445855
-0.0034285030
-0.0034125157
-0.0033966229
-0.0033808237
-0.0033651177
-0.0033495050
-0.0033339786
-0.0033185431
-0.0033031998
-0.0032879451
-0.0032727804
-0.0032577039
-0.0032427159
-0.0032278136
-0.0032129952
-0.0031982629
-0.0031836164
-0.0031690546
-0.0031545776
-0.0031401840
-0.0031258734
-0.0031116412
-0.0030974913
-0.0030834231
-0.0030694358
-0.0030555290
-0.0030417021
-0.0030279526
-0.0030142792
-0.0030006843
-0.0029871678
-0.0029737298
-0.0029603689
-0.0029470846
-0.0029338723
-0.0029207359
-0.0029076746
-0.0028946882
-0.0028817765
-0.0028689383
-0.0028561692
-0.0028434725
-0.0028308481
-0.0028182959
-0.0028058151
-0.0027934051
-0.0027810610
-0.0027687870
-0.0027565827
-0.0027444472
-0.0027323806
-0.0027203801
-0.0027084441
-0.0026965765
-0.0026847750
-0.0026730404
-0.0026613716
-0.0026497633
-0.0026382206
-0.0026267426
-0.0026153291
-0.0026039795
-0.0025926889
-0.0025814610
-0.0025702952
-0.0025591922
-0.0025481510
-0.0025371678
-0.0025262443
-0.0025153814
-0.0025045793
-0.0024938358
-0.0024831480
-0.0024725197
-0.0024619492
-0.0024514374
-0.0024409836
-0.0024305822
-0.0024202387
-0.0024099515
-0.0023997212
-0.0023895456
-0.0023794221
-0.0023693545
-0.0023593419
-0.0023493849
-0.0023394783
-0.0023296251
-0.0023198261
-0.0023100801
-0.0023003871
-0.0022907424
-0.0022811508
-0.0022716113
-0.0022621238
-0.0022526839
-0.0022432948
-0.0022339564
-0.0022246688
-0.0022154294
-0.0022062373
-0.0021970949
-0.0021880021
-0.0021789571
-0.0021699573
-0.0021610062
-0.0021521034
-0.0021432483
-0.0021344360
-0.0021256714
-0.0021169537
-0.0021082829
-0.0020996540
-0.0020910708
-0.0020825338
-0.0020740422
-0.0020655923
-0.0020571862
-0.0020488259
-0.0020405098
-0.0020322336
-0.0020240011
-0.0020158120
-0.0020076669
-0.0019995599
-0.0019914958
-0.0019834749
-0.0019754957
-0.0019675543
-0.0019596549
-0.0019517981
-0.0019439801
-0.0019362011
-0.0019284620
-0.0019207637
-0.0019131041
-0.0019054821
-0.0018979003
-0.0018903586
-0.0018828521
-0.0018753843
-0.0018679558
-0.0018605646
-0.0018532087
-0.0018458910
-0.0018386119
-0.0018313674
-0.0018241591
-0.0018169885
-0.0018098552
-0.0018027546
-0.0017956910
-0.0017886646
-0.0017816714
-0.0017747121
-0.0017677905
-0.0017609036
-0.0017540485
-0.0017472282
-0.0017404441
-0.0017336918
-0.0017269724
-0.0017202886
-0.0017136378
-0.0017070178
-0.0017004313
-0.0016938796
-0.0016873574
-0.0016808678
-0.0016744117
-0.0016679868
-0.0016615923
-0.0016552304
-0.0016489010
-0.0016425997
-0.0016363308
-0.0016300940
-0.0016238854
-0.0016177071
-0.0016115612
-0.0016054436
-0.0015993555
-0.0015932980
-0.0015872706
-0.0015812702
-0.0015753005
-0.0015693606
-0.0015634469
-0.0015575626
-0.0015517090
-0.0015458804
-0.0015400814
-0.0015343112
-0.0015285677
-0.0015228511
-0.0015171641
-0.0015115028
-0.0015058682
-0.0015002622
-0.0014946821
-0.0014891279
-0.0014836018
-0.0014781014
-0.0014726263
-0.0014671789
-0.0014617569
-0.0014563592
-0.0014509888
-0.0014456439
-0.0014403227
-0.0014350279
-0.0014297588
-0.0014245123
-0.0014192924
-0.0014140973
-0.0014089244
-0.0014037785
-0.0013986558
-0.0013935553
-0.0013884816
-0.0013834307
-0.0013784022
-0.0013733988
-0.0013684185
-0.0013634602
-0.0013585268
-0.0013536158
-0.0013487265
-0.0013438615
-0.0013390182
-0.0013341969
-0.0013293995
-0.0013246229
-0.0013198685
-0.0013151378
-0.0013104261
-0.0013057375
-0.0013010720
-0.0012964252
-0.0012918015
-0.0012871999
-0.0012826169
-0.0012780568
-0.0012735172
-0.0012689971
-0.0012644993
-0.0012600214
-0.0012555633
-0.0012511273
-0.0012467096
-0.0012423127
-0.0012379370
-0.0012335786
-0.0012292416
-0.0012249250
-0.0012206260
-0.0012163478
-0.0012120888
-0.0012078479
-0.0012036283
-0.0011994256
-0.0011952426
-0.0011910795
-0.0011869329
-0.0011828062
-0.0011786983
-0.0011746075
-0.0011705367
-0.0011664828
-0.0011624472
-0.0011584310
-0.0011544301
-0.0011504488
-0.0011464851
-0.0011425384
-0.0011386106
-0.0011346984
-0.0011308041
-0.0011269283
-0.0011230676
-0.0011192255
-0.0011154000
-0.0011115911
-0.0011077997
-0.0011040233
-0.0011002655
-0.0010965240
-0.0010927976
-0.0010890890
-0.0010853955
-0.0010817188
-0.0010780593
-0.0010744146
-0.0010707850
-0.0010671717
-0.0010635747
-0.0010599941
-0.0010564272
-0.0010528769
-0.0010493423
-0.0010458221
-0.0010423184
-0.0010388288
-0.0010353546
-0.0010318962
-0.0010284514
-0.0010250230
-0.0010216076
-0.0010182080
-0.0010148232
-0.0010114516
-0.0010080966
-0.0010047541
-0.0010014275
-0.0009981145
-0.0009948140
-0.0009915303
-0.0009882583
-0.0009850014
-0.0009817586
-0.0009785292
-0.0009753146
-0.0009721122
-0.0009689240
-0.0009657499
-0.0009625884
-0.0009594421
-0.0009563065
-0.0009531860
-0.0009500779
-0.0009469828
-0.0009439017
-0.0009408317
-0.0009377765
-0.0009347330
-0.0009317029
-0.0009286858
-0.0009256803
-0.0009226893
-0.0009197088
-0.0009167421
-0.0009137873
-0.0009108450
-0.0009079155
-0.0009049967
-0.0009020918
-0.0008991972
-0.0008963153
-0.0008934459
-0.0008905876
-0.0008877426
-0.0008849073
-0.0008820853
-0.0008792743
-0.0008764752
-0.0008736883
-0.0008709117
-0.0008681484
-0.0008653938
-0.0008626528
-0.0008599218
-0.0008572031
-0.0008544960
-0.0008517976
-0.0008491120
-0.0008464367
-0.0008437728
-0.0008411194
-0.0008384770
-0.0008358458
-0.0008332244
-0.0008306151
-0.0008280149
-0.0008254272
-0.0008228479
-0.0008202791
-0.0008177222
-0.0008151744
-0.0008126381
-0.0008101110
-0.0008075954
-0.0008050885
-0.0008025930
-0.0008001063
-0.0007976308
-0.0007951650
-0.0007927088
-0.0007902634
-0.0007878263
-0.0007854006
-0.0007829826
-0.0007805758
-0.0007781775
-0.0007757898
-0.0007734112
-0.0007710419
-0.0007686827
-0.0007663316
-0.0007639920
-0.0007616592
-0.0007593382
-0.0007570241
-0.0007547194
-0.0007524246
-0.0007501385
-0.0007478614
-0.0007455932
-0.0007433345
-0.0007410839
-0.0007388434
-0.0007366100
-0.0007343871
-0.0007321717
-0.0007299655
-0.0007277679
-0.0007255792
-0.0007233985
-0.0007212267
-0.0007190636
-0.0007169084
-0.0007147624
-0.0007126236
-0.0007104945
-0.0007083719
-0.0007062590
-0.0007041534
-0.0007020566
-0.0006999673
-0.0006978864
-0.0006958136
-0.0006937484
-0.0006916917
-0.0006896423
-0.0006876021
-0.0006855684
-0.0006835440
-0.0006815256
-0.0006795165
-0.0006775137
-0.0006755199
-0.0006735328
-0.0006715540
-0.0006695823
-0.0006676183
-0.0006656621
-0.0006637129
-0.0006617716
-0.0006598365
-0.0006579105
-0.0006559900
-0.0006540778
-0.0006521723
-0.0006502748
-0.0006483840
-0.0006465012
-0.0006446243
-0.0006427554
-0.0006408926
-0.0006390379
-0.0006371893
-0.0006353484
-0.0006335134
-0.0006316866
-0.0006298654
-0.0006280519
-0.0006262450
-0.0006244451
-0.0006226519
-0.0006208652
-0.0006190852
-0.0006173118
-0.0006155454
-0.0006137851
-0.0006120318
-0.0006102848
-0.0006085445
-0.0006068102
-0.0006050830
-0.0006033616
-0.0006016474
-0.0005999383
-0.0005982368
-0.0005965405
-0.0005948518
-0.0005931682
-0.0005914916
-0.0005898203
-0.0005881565
-0.0005864973
-0.0005848453
-0.0005831987
-0.0005815587
-0.0005799242
-0.0005782957
-0.0005766736
-0.0005750569
-0.0005734450
-0.0005718413
-0.0005702420
-0.0005686496
-0.0005670621
-0.0005654810
-0.0005639047
-0.0005623352
-0.0005607707
-0.0005592127
-0.0005576594
-0.0005561122
-0.0005545700
-0.0005530346
-0.0005515034
-0.0005499790
-0.0005484589
-0.0005469451
-0.0005454361
-0.0005439329
-0.0005424338
-0.0005409427
-0.0005394547
-0.0005379736
-0.0005364964
-0.0005350258
-0.0005335602
-0.0005321001
-0.0005306445
-0.0005291952
-0.0005277499
-0.0005263109
-0.0005248759
-0.0005234469
-0.0005220217
-0.0005206028
-0.0005191884
-0.0005177794
-0.0005163748
-0.0005149757
-0.0005135812
-0.0005121918
-0.0005108069
-0.0005094273
-0.0005080522
-0.0005066822
-0.0005053170
-0.0005039562
-0.0005026014
-0.0005012498
-0.0004999030
-0.0004985628
-0.0004972256
-0.0004958930
-0.0004945667
-0.0004932437
-0.0004919266
-0.0004906134
-0.0004893049
-0.0004879992
-0.0004867017
-0.0004854054
-0.0004841147
-0.0004828289
-0.0004815473
-0.0004802702
-0.0004789977
-0.0004777293
-0.0004764654
-0.0004752060
-0.0004739506
-0.0004726997
-0.0004714534
-0.0004702110
-0.0004689731
-0.0004677397
-0.0004665098
-0.0004652849
-0.0004640634
-0.0004628470
-0.0004616337
-0.0004604256
-0.0004592208
-0.0004580204
-0.0004568235
-0.0004556319
-0.0004544433
-0.0004532595
-0.0004520792
-0.0004509030
-0.0004497319
-0.0004485629
-0.0004473989
-0.0004462393
-0.0004450840
-0.0004439314
-0.0004427837
-0.0004416392
-0.0004404992
-0.0004393624
-0.0004382300
-0.0004371009
-0.0004359758
-0.0004348545
-0.0004337369
-0.0004326233
-0.0004315130
-0.0004304070
-0.0004293038
-0.0004282053
-0.0004271096
-0.0004260184
-0.0004249304
-0.0004238468
-0.0004227664
-0.0004216893
-0.0004206163
-0.0004195464
-0.0004184807
-0.0004174174
-0.0004163588
-0.0004153024
-0.0004142506
-0.0004132018
-0.0004121563
-0.0004111144
-0.0004100759
-0.0004090411
-0.0004080091
-0.0004069817
-0.0004059566
-0.0004049364
-0.0004039181
-0.0004029045
-0.0004018927
-0.0004008853
-0.0003998806
-0.0003988793
-0.0003978820
-0.0003968867
-0.0003958951
-0.0003949067
-0.0003939219
-0.0003929402
-0.0003919619
-0.0003909867
-0.0003900145
-0.0003890458
-0.0003880796
-0.0003871176
-0.0003861571
-0.0003852014
-0.0003842474
-0.0003832977
-0.0003823503
-0.0003814062
-0.0003804656
-0.0003795276
-0.0003785931
-0.0003776608
-0.0003767322
-0.0003758058
-0.0003748828
-0.0003739630
-0.0003730454
-0.0003721307
-0.0003712205
-0.0003703124
-0.0003694068
-0.0003685048
-0.0003676049
-0.0003667085
-0.0003658146
-0.0003649239
-0.0003640360
-0.0003631510
-0.0003622687
-0.0003613888
-0.0003605119
-0.0003596379
-0.0003587660
-0.0003578978
-0.0003570319
-0.0003561694
-0.0003553089
-0.0003544515
-0.0003535964
-0.0003527444
-0.0003518950
-0.0003510483
-0.0003502043
-0.0003493627
-0.0003485240
-0.0003476875
-0.0003468541
-0.0003460226
-0.0003451942
-0.0003443687
-0.0003435450
-0.0003427249
-0.0003419062
-0.0003410910
-0.0003402778
-0.0003394673
-0.0003386599
-0.0003378541
-0.0003370520
-0.0003362512
-0.0003354538
-0.0003346583
-0.0003338657
-0.0003330746
-0.0003322861
-0.0003315013
-0.0003307181
-0.0003299373
-0.0003291590
-0.0003283831
-0.0003276100
-0.0003268385
-0.0003260702
-0.0003253035
-0.0003245397
-0.0003237782
-0.0003230187
-0.0003222620
-0.0003215072
-0.0003207548
-0.0003200048
-0.0003192570
-0.0003185116
-0.0003177679
-0.0003170274
-0.0003162884
-0.0003155520
-0.0003148181
-0.0003140857
-0.0003133565
-0.0003126285
-0.0003119035
-0.0003111802
-0.0003104594
-0.0003097407
-0.0003090237
-0.0003083101
-0.0003075974
-0.0003068876
-0.0003061795
-0.0003054738
-0.0003047703
-0.0003040686
-0.0003033694
-0.0003026719
-0.0003019767
-0.0003012837
-0.0003005928
-0.0002999031
-0.0002992155
-0.0002985312
-0.0002978484
-0.0002971676
-0.0002964889
-0.0002958124
-0.0002951372
-0.0002944637
-0.0002937943
-0.0002931251
-0.0002924574
-0.0002917933
-0.0002911304
-0.0002904696
-0.0002898108
-0.0002891537
-0.0002884990
-0.0002878455
-0.0002871946
-0.0002865452
-0.0002858977
-0.0002852524
-0.0002846091
-0.0002839675
-0.0002833276
-0.0002826898
-0.0002820538
-0.0002814197
-0.0002807872
-0.0002801569
-0.0002795281
-0.0002789020
-0.0002782767
-0.0002776536
-0.0002770330
-0.0002764127
-0.0002757948
-0.0002751795
-0.0002745651
-0.0002739532
-0.0002733423
-0.0002727345
-0.0002721268
-0.0002715219
-0.0002709180
-0.0002703165
-0.0002697163
-0.0002691183
-0.0002685211
-0.0002679258
-0.0002673331
-0.0002667418
-0.0002661517
-0.0002655641
-0.0002649777
-0.0002643929
-0.0002638103
-0.0002632287
-0.0002626491
-0.0002620711
-0.0002614950
-0.0002609203
-0.0002603475
-0.0002597760
-0.0002592062
-0.0002586379
-0.0002580712
-0.0002575063
-0.0002569428
-0.0002563813
-0.0002558211
-0.0002552625
-0.0002547056
-0.0002541505
-0.0002535964
-0.0002530433
-0.0002524934
-0.0002519439
-0.0002513961
-0.0002508505
-0.0002503056
-0.0002497625
-0.0002492215
-0.0002486813
-0.0002481432
-0.0002476057
-0.0002470703
-0.0002465364
-0.0002460040
-0.0002454730
-0.0002449440
-0.0002444157
-0.0002438886
-0.0002433643
-0.0002428405
-0.0002423185
-0.0002417977
-0.0002412787
-0.0002407607
-0.0002402446
-0.0002397294
-0.0002392160
-0.0002387039
-0.0002381929
-0.0002376842
-0.0002371759
-0.0002366694
-0.0002361643
-0.0002356609
-0.0002351585
-0.0002346581
-0.0002341581
-0.0002336601
-0.0002331631
-0.0002326677
-0.0002321735
-0.0002316806
-0.0002311892
-0.0002306998
-0.0002302105
-0.0002297233
-0.0002292375
-0.0002287522
-0.0002282693
-0.0002277870
-0.0002273063
-0.0002268272
-0.0002263489
-0.0002258720
-0.0002253967
-0.0002249222
-0.0002244494
-0.0002239777
-0.0002235074
-0.0002230384
-0.0002225705
-0.0002221043
-0.0002216387
-0.0002211737
-0.0002207120
-0.0002202501
-0.0002197898
-0.0002193312
-0.0002188729
-0.0002184165
-0.0002179608
-0.0002175067
-0.0002170539
-0.0002166021
-0.0002161514
-0.0002157025
-0.0002152541
-0.0002148073
-0.0002143614
-0.0002139166
-0.0002134731
-0.0002130317
-0.0002125900
-0.0002121496
-0.0002117111
-0.0002112737
-0.0002108370
-0.0002104015
-0.0002099678
-0.0002095347
-0.0002091027
-0.0002086722
-0.0002082424
-0.0002078140
-0.0002073870
-0.0002069607
-0.0002065358
-0.0002061118
-0.0002056889
-0.0002052673
-0.0002048466
-0.0002044270
-0.0002040093
-0.0002035914
-0.0002031744
-0.0002027595
-0.0002023450
-0.0002019322
-0.0002015200
-0.0002011094
-0.0002006996
-0.0002002909
-0.0001998833
-0.0001994771
-0.0001990711
-0.0001986674
-0.0001982630
-0.0001978599
-0.0001974590
-0.0001970581
-0.0001966591
-0.0001962604
-0.0001958632
-0.0001954669
-0.0001950719
-0.0001946774
-0.0001942844
-0.0001938922
-0.0001935007
-0.0001931106
-0.0001927212
-0.0001923329
-0.0001919459
-0.0001915594
-0.0001911738
-0.0001907900
-0.0001904060
-0.0001900236
-0.0001896422
-0.0001892616
-0.0001888820
-0.0001885036
-0.0001881261
-0.0001877497
-0.0001873740
-0.0001869992
-0.0001866259
-0.0001862528
-0.0001858809
-0.0001855104
-0.0001851400
-0.0001847708
-0.0001844025
-0.0001840351
-0.0001836689
-0.0001833035
-0.0001829387
-0.0001825753
-0.0001822127
-0.0001818509
-0.0001814905
-0.0001811304
-0.0001807712
-0.0001804135
-0.0001800557
-0.0001796990
-0.0001793435
-0.0001789884
-0.0001786347
-0.0001782816
-0.0001779296
-0.0001775781
-0.0001772279
-0.0001768781
-0.0001765296
-0.0001761817
-0.0001758348
-0.0001754892
-0.0001751436
-0.0001747993
-0.0001744559
-0.0001741133
-0.0001737715
-0.0001734306
-0.0001730909
-0.0001727510
-0.0001724117
-0.0001720742
-0.0001717370
-0.0001714006
-0.0001710650
-0.0001707300
-0.0001703964
-0.0001700631
-0.0001697314
-0.0001693999
-0.0001690694
-0.0001687394
-0.0001684105
-0.0001680820
-0.0001677548
-0.0001674283
-0.0001671025
-0.0001667777
-0.0001664536
-0.0001661302
-0.0001658078
-0.0001654858
-0.0001651647
-0.0001648448
-0.0001645249
-0.0001642064
-0.0001638883
-0.0001635709
-0.0001632541
-0.0001629382
-0.0001626231
-0.0001623085
-0.0001619953
-0.0001616820
-0.0001613702
-0.0001610586
-0.0001607480
-0.0001604382
-0.0001601292
-0.0001598206
-0.0001595130
-0.0001592061
-0.0001588999
-0.0001585945
-0.0001582899
-0.0001579860
-0.0001576824
-0.0001573800
-0.0001570779
-0.0001567769
-0.0001564765
-0.0001561768
-0.0001558777
-0.0001555792
-0.0001552818
-0.0001549845
-0.0001546885
-0.0001543927
-0.0001540981
-0.0001538035
-0.0001535106
-0.0001532172
-0.0001529243
-0.0001526335
-0.0001523426
-0.0001520523
-0.0001517628
-0.0001514739
-0.0001511860
-0.0001508982
-0.0001506118
-0.0001503255
-0.0001500397
-0.0001497551
-0.0001494706
-0.0001491870
-0.0001489042
-0.0001486217
-0.0001483399
-0.0001480592
-0.0001477785
-0.0001474989
-0.0001472192
-0.0001469399
-0.0001466626
-0.0001463855
-0.0001461084
-0.0001458324
-0.0001455576
-0.0001452820
-0.0001450072
-0.0001447341
-0.0001444610
-0.0001441888
-0.0001439170
-0.0001436467
-0.0001433754
-0.0001431047
-0.0001428359
-0.0001425669
-0.0001422988
-0.0001420313
-0.0001417643
-0.0001414977
-0.0001412323
-0.0001409668
-0.0001407025
-0.0001404384
-0.0001401752
-0.0001399122
-0.0001396503
-0.0001393881
-0.0001391272
-0.0001388674
-0.0001386067
-0.0001383466
-0.0001380889
-0.0001378296
-0.0001375715
-0.0001373147
-0.0001370583
-0.0001368020
-0.0001365473
-0.0001362915
-0.0001360377
-0.0001357841
-0.0001355309
-0.0001352783
-0.0001350263
-0.0001347750
-0.0001345239
-0.0001342739
-0.0001340240
-0.0001337747
-0.0001335260
-0.0001332777
-0.0001330300
-0.0001327826
-0.0001325363
-0.0001322899
-0.0001320443
-0.0001317993
-0.0001315548
-0.0001313105
-0.0001310673
-0.0001308241
-0.0001305815
-0.0001303397
-0.0001300980
-0.0001298570
-0.0001296166
-0.0001293765
-0.0001291367
-0.0001288977
-0.0001286592
-0.0001284211
-0.0001281838
-0.0001279469
-0.0001277101
-0.0001274747
-0.0001272389
-0.0001270041
-0.0001267694
-0.0001265356
-0.0001263022
-0.0001260693
-0.0001258370
-0.0001256046
-0.0001253732
-0.0001251425
-0.0001249116
-0.0001246816
-0.0001244520
-0.0001242226
-0.0001239938
-0.0001237657
-0.0001235378
-0.0001233106
-0.0001230838
-0.0001228571
-0.0001226310
-0.0001224054
-0.0001221807
-0.0001219556
-0.0001217316
-0.0001215084
-0.0001212851
-0.0001210622
-0.0001208403
-0.0001206184
-0.0001203971
-0.0001201763
-0.0001199558
-0.0001197356
-0.0001195161
-0.0001192970
-0.0001190784
-0.0001188600
-0.0001186421
-0.0001184245
-0.0001182078
-0.0001179917
-0.0001177756
-0.0001175599
-0.0001173449
-0.0001171300
-0.0001169158
-0.0001167018
-0.0001164885
-0.0001162755
-0.0001160630
-0.0001158508
-0.0001156392
-0.0001154277
-0.0001152172
-0.0001150066
-0.0001147965
-0.0001145869
-0.0001143777
-0.0001141688
-0.0001139606
-0.0001137528
-0.0001135452
-0.0001133382
-0.0001131312
-0.0001129250
-0.0001127191
-0.0001125133
-0.0001123084
-0.0001121034
-0.0001118993
-0.0001116953
-0.0001114917
-0.0001112886
-0.0001110860
-0.0001108836
-0.0001106817
-0.0001104804
-0.0001102791
-0.0001100786
-0.0001098779
-0.0001096776
-0.0001094783
-0.0001092793
-0.0001090804
-0.0001088817
-0.0001086840
-0.0001084862
-0.0001082890
-0.0001080920
-0.0001078957
-0.0001076994
-0.0001075035
-0.0001073084
-0.0001071132
-0.0001069186
-0.0001067242
-0.0001065302
-0.0001063365
-0.0001061434
-0.0001059503
-0.0001057578
-0.0001055655
-0.0001053736
-0.0001051826
-0.0001049906
-0.0001047994
-0.0001046097
-0.0001044196
-0.0001042297
-0.0001040407
-0.0001038514
-0.0001036631
-0.0001034746
-0.0001032871
-0.0001030991
-0.0001029122
-0.0001027254
-0.0001025389
-0.0001023528
-0.0001021671
-0.0001019814
-0.0001017962
-0.0001016117
-0.0001014271
-0.0001012427
-0.0001010591
-0.0001008756
-0.0001006924
-0.0001005096
-0.0001003272
-0.0001001453
-0.0000999631
-0.0000997827
-0.0000996007
-0.0000994189
-0.0000992393
-0.0000990590
-0.0000988793
-0.0000986998
-0.0000985205
-0.0000983417
-0.0000981630
-0.0000979851
-0.0000978071
-0.0000976296
-0.0000974519
-0.0000972752
-0.0000970983
-0.0000969219
-0.0000967460
-0.0000965700
-0.0000963947
-0.0000962194
-0.0000960448
-0.0000958699
-0.0000956956
-0.0000955219
-0.0000953479
-0.0000951751
-0.0000950021
-0.0000948297
-0.0000946573
-0.0000944852
-0.0000943138
-0.0000941424
-0.0000939713
-0.0000938005
-0.0000936301
-0.0000934598
-0.0000932898
-0.0000931198
-0.0000929507
-0.0000927810
-0.0000926129
-0.0000924439
-0.0000922757
-0.0000921077
-0.0000919402
-0.0000917730
-0.0000916059
-0.0000914393
-0.0000912728
-0.0000911065
-0.0000909405
-0.0000907749
-0.0000906096
-0.0000904445
-0.0000902798
-0.0000901152
-0.0000899510
-0.0000897870
-0.0000896234
-0.0000894598
-0.0000892968
-0.0000891340
-0.0000889714
-0.0000888089
-0.0000886468
-0.0000884850
-0.0000883231
-0.0000881623
-0.0000880012
-0.0000878409
-0.0000876802
-0.0000875202
-0.0000873599
-0.0000872001
-0.0000870407
-0.0000868816
-0.0000867228
-0.0000865643
-0.0000864056
-0.0000862476
-0.0000860898
-0.0000859321
-0.0000857750
-0.0000856175
-0.0000854607
-0.0000853041
-0.0000851478
-0.0000849919
-0.0000848355
-0.0000846802
-0.0000845249
-0.0000843698
-0.0000842152
-0.0000840609
-0.0000839065
-0.0000837525
-0.0000835986
-0.0000834452
-0.0000832920
-0.0000831389
-0.0000829859
-0.0000828335
-0.0000826808
-0.0000825296
-0.0000823772
-0.0000822249
-0.0000820742
-0.0000819229
-0.0000817721
-0.0000816214
-0.0000814710
-0.0000813210
-0.0000811709
-0.0000810218
-0.0000808716
-0.0000807220
-0.0000805735
-0.0000804246
-0.0000802763
-0.0000801279
-0.0000799798
-0.0000798320
-0.0000796844
-0.0000795369
-0.0000793900
-0.0000792430
-0.0000790964
-0.0000789497
-0.0000788036
-0.0000786575
-0.0000785118
-0.0000783663
-0.0000782209
-0.0000780754
-0.0000779308
-0.0000777861
-0.0000776420
-0.0000774971
-0.0000773531
-0.0000772094
-0.0000770658
-0.0000769225
-0.0000767793
-0.0000766366
-0.0000764939
-0.0000763512
-0.0000762085
-0.0000760666
-0.0000759248
-0.0000757830
-0.0000756416
-0.0000755003
-0.0000753590
-0.0000752180
-0.0000750774
-0.0000749366
-0.0000747963
-0.0000746563
-0.0000745166
-0.0000743769
-0.0000742371
-0.0000740982
-0.0000739589
-0.0000738200
-0.0000736812
-0.0000735427
-0.0000734046
-0.0000732665
-0.0000731286
-0.0000729913
-0.0000728534
-0.0000727161
-0.0000725789
-0.0000724420
-0.0000723052
-0.0000721688
-0.0000720325
-0.0000718970
-0.0000717606
-0.0000716243
-0.0000714891
-0.0000713536
-0.0000712185
-0.0000710836
-0.0000709488
-0.0000708141
-0.0000706798
-0.0000705457
-0.0000704117
-0.0000702778
-0.0000701444
-0.0000700109
-0.0000698779
-0.0000697448
-0.0000696121
-0.0000694792
-0.0000693466
-0.0000692143
-0.0000690821
-0.0000689499
-0.0000688180
-0.0000686862
-0.0000685549
-0.0000684235
-0.0000682925
-0.0000681616
-0.0000680311
-0.0000679005
-0.0000677701
-0.0000676400
-0.0000675097
-0.0000673799
-0.0000672498
-0.0000671205
-0.0000669911
-0.0000668620
-0.0000667332
-0.0000666043
-0.0000664753
-0.0000663469
-0.0000662185
-0.0000660906
-0.0000659624
-0.0000658349
-0.0000657071
-0.0000655798
-0.0000654525
-0.0000653254
-0.0000651986
-0.0000650718
-0.0000649453
-0.0000648189
-0.0000646928
-0.0000645668
-0.0000644413
-0.0000643149
-0.0000641886
-0.0000640635
-0.0000639377
-0.0000638130
-0.0000636877
-0.0000635629
-0.0000634378
-0.0000633133
-0.0000631889
-0.0000630644
-0.0000629404
-0.0000628166
-0.0000626926
-0.0000625691
-0.0000624456
-0.0000623224
-0.0000621993
-0.0000620765
-0.0000619539
-0.0000618311
-0.0000617088
-0.0000615860
-0.0000614641
-0.0000613418
-0.0000612199
-0.0000610980
-0.0000609765
-0.0000608549
-0.0000607338
-0.0000606123
-0.0000604915
-0.0000603702
-0.0000602497
-0.0000601287
-0.0000600087
-0.0000598881
-0.0000597681
-0.0000596479
-0.0000595285
-0.0000594086
-0.0000592889
-0.0000591701
-0.0000590504
-0.0000589307
-0.0000588121
-0.0000586932
-0.0000585746
-0.0000584557
-0.0000583372
-0.0000582188
-0.0000581006
-0.0000579823
-0.0000578645
-0.0000577466
-0.0000576291
-0.0000575116
-0.0000573942
-0.0000572769
-0.0000571598
-0.0000570429
-0.0000569262
-0.0000568092
-0.0000566927
-0.0000565760
-0.0000564595
-0.0000563435
-0.0000562272
-0.0000561113
-0.0000559954
-0.0000558799
-0.0000557644
-0.0000556490
-0.0000555336
-0.0000554185
-0.0000553036
-0.0000551886
-0.0000550741
-0.0000549592
-0.0000548449
-0.0000547305
-0.0000546164
-0.0000545023
-0.0000543883
-0.0000542745
-0.0000541609
-0.0000540472
-0.0000539340
-0.0000538204
-0.0000537073
-0.0000535944
-0.0000534813
-0.0000533686
-0.0000532559
-0.0000531434
-0.0000530309
-0.0000529185
-0.0000528069
-0.0000526944
-0.0000525818
-0.0000524705
-0.0000523586
-0.0000522471
-0.0000521356
-0.0000520243
-0.0000519131
-0.0000518022
-0.0000516911
-0.0000515801
-0.0000514694
-0.0000513589
-0.0000512481
-0.0000511380
-0.0000510276
-0.0000509175
-0.0000508070
-0.0000506976
-0.0000505873
-0.0000504784
-0.0000503679
-0.0000502578
-0.0000501487
-0.0000500394
-0.0000499301
-0.0000498212
-0.0000497119
-0.0000496034
-0.0000494943
-0.0000493857
-0.0000492773
-0.0000491686
-0.0000490604
-0.0000489518
-0.0000488439
-0.0000487355
-0.0000486279
-0.0000485198
-0.0000484120
-0.0000483043
-0.0000481965
-0.0000480890
-0.0000479815
-0.0000478743
-0.0000477669
-0.0000476599
-0.0000475528
-0.0000474459
-0.0000473389
-0.0000472322
-0.0000471256
-0.0000470193
-0.0000469128
-0.0000468063
-0.0000467003
-0.0000465943
-0.0000464883
-0.0000463825
-0.0000462767
-0.0000461714
-0.0000460656
-0.0000459604
-0.0000458547
-0.0000457496
-0.0000456444
-0.0000455393
-0.0000454343
-0.0000453295
-0.0000452245
-0.0000451197
-0.0000450152
-0.0000449108
-0.0000448066
-0.0000447018
-0.0000445977
-0.0000444936
-0.0000443895
-0.0000442855
-0.0000441814
-0.0000440776
-0.0000439738
-0.0000438701
-0.0000437665
-0.0000436630
-0.0000435595
-0.0000434562
-0.0000433532
-0.0000432500
-0.0000431472
-0.0000430443
-0.0000429415
-0.0000428388
-0.0000427362
-0.0000426334
-0.0000425310
-0.0000424283
-0.0000423263
-0.0000422237
-0.0000421215
-0.0000420196
-0.0000419173
-0.0000418159
-0.0000417138
-0.0000416126
-0.0000415107
-0.0000414094
-0.0000413078
-0.0000412066
-0.0000411052
-0.0000410041
-0.0000409028
-0.0000408019
-0.0000407005
-0.0000405997
-0.0000404986
-0.0000403980
-0.0000402976
-0.0000401968
-0.0000400964
-0.0000399959
-0.0000398956
-0.0000397955
-0.0000396951
-0.0000395950
-0.0000394948
-0.0000393950
-0.0000392949
-0.0000391949
-0.0000390951
-0.0000389954
-0.0000388959
-0.0000387962
-0.0000386967
-0.0000385974
-0.0000384982
-0.0000383989
-0.0000383001
-0.0000382007
-0.0000381020
-0.0000380030
-0.0000379041
-0.0000378053
-0.0000377066
-0.0000376079
-0.0000375092
-0.0000374107
-0.0000373124
-0.0000372139
-0.0000371157
-0.0000370175
-0.0000369194
-0.0000368212
-0.0000367233
-0.0000366253
-0.0000365274
-0.0000364295
-0.0000363317
-0.0000362338
-0.0000361362
-0.0000360385
-0.0000359411
-0.0000358434
-0.0000357462
-0.0000356489
-0.0000355516
-0.0000354543
-0.0000353574
-0.0000352605
-0.0000351634
-0.0000350665
-0.0000349696
-0.0000348728
-0.0000347760
-0.0000346792
-0.0000345825
-0.0000344859
-0.0000343895
-0.0000342932
-0.0000341967
-0.0000341005
-0.0000340043
-0.0000339080
-0.0000338117
-0.0000337157
-0.0000336196
-0.0000335237
-0.0000334277
-0.0000333317
-0.0000332361
-0.0000331404
-0.0000330446
-0.0000329490
-0.0000328534
-0.0000327581
-0.0000326623
-0.0000325667
-0.0000324717
-0.0000323762
-0.0000322808
-0.0000321857
-0.0000320906
-0.0000319955
-0.0000319005
-0.0000318055
-0.0000317105
-0.0000316158
-0.0000315208
-0.0000314260
-0.0000313313
-0.0000312366
-0.0000311420
-0.0000310473
-0.0000309527
-0.0000308581
-0.0000307636
-0.0000306692
-0.0000305748
-0.0000304806
-0.0000303863
-0.0000302921
-0.0000301978
-0.0000301037
-0.0000300097
-0.0000299156
-0.0000298218
-0.0000297278
-0.0000296340
-0.0000295402
-0.0000294464
-0.0000293525
-0.0000292588
-0.0000291652
-0.0000290715
-0.0000289779
-0.0000288843
-0.0000287909
-0.0000286974
-0.0000286040
-0.0000285106
-0.0000284172
-0.0000283238
-0.0000282307
-0.0000281374
-0.0000280442
-0.0000279511
-0.0000278580
-0.0000277649
-0.0000276718
-0.0000275788
-0.0000274859
-0.0000273930
-0.0000273000
-0.0000272072
-0.0000271144
-0.0000270217
-0.0000269289
-0.0000268361
-0.0000267435
-0.0000266509
-0.0000265583
-0.0000264657
-0.0000263731
-0.0000262807
-0.0000261882
-0.0000260957
-0.0000260033
-0.0000259110
-0.0000258187
-0.0000257263
-0.0000256340
-0.0000255418
-0.0000254496
-0.0000253574
-0.0000252652
-0.0000251730
-0.0000250809
-0.0000249889
-0.0000248968
-0.0000248048
-0.0000247128
-0.0000246209
-0.0000245289
-0.0000244369
-0.0000243451
-0.0000242533
-0.0000241615
-0.0000240696
-0.0000239778
-0.0000238859
-0.0000237943
-0.0000237027
-0.0000236108
-0.0000235191
-0.0000234275
-0.0000233359
-0.0000232442
-0.0000231525
-0.0000230610
-0.0000229695
-0.0000228780
-0.0000227864
-0.0000226949
-0.0000226034
-0.0000225120
-0.0000224204
-0.0000223290
-0.0000222376
-0.0000221463
-0.0000220549
-0.0000219634
-0.0000218722
-0.0000217811
-0.0000216897
-0.0000215984
-0.0000215071
-0.0000214159
-0.0000213247
-0.0000212334
-0.0000211421
-0.0000210508
-0.0000209596
-0.0000208684
-0.0000207773
-0.0000206862
-0.0000205949
-0.0000205039
-0.0000204127
-0.0000203216
-0.0000202306
-0.0000201395
-0.0000200486
-0.0000199572
-0.0000198662
-0.0000197751
-0.0000196841
-0.0000195931
-0.0000195022
-0.0000194111
-0.0000193200
-0.0000192290
-0.0000191379
-0.0000190470
-0.0000189557
-0.0000188648
-0.0000187733
-0.0000186825
-0.0000185918
-0.0000185000
-0.0000184095
-0.0000183187
-0.0000182271
-0.0000181360
-0.0000180448
-0.0000179538
-0.0000178626
-0.0000177715
-0.0000176801
-0.0000175892
-0.0000174979
-0.0000174068
-0.0000173154
-0.0000172244
-0.0000171331
-0.0000170419
-0.0000169506
-0.0000168593
-0.0000167681
-0.0000166770
-0.0000165856
-0.0000164946
-0.0000164030
-0.0000163121
-0.0000162209
-0.0000161294
-0.0000160383
-0.0000159472
-0.0000158558
-0.0000157647
-0.0000156730
-0.0000155818
-0.0000154901
-0.0000153988
-0.0000153071
-0.0000152155
-0.0000151238
-0.0000150322
-0.0000149406
-0.0000148488
-0.0000147571
-0.0000146652
-0.0000145736
-0.0000144819
-0.0000143902
-0.0000142979
-0.0000142064
-0.0000141141
-0.0000140220
-0.0000139302
-0.0000138380
-0.0000137465
-0.0000136541
-0.0000135621
-0.0000134698
-0.0000133777
-0.0000132854
-0.0000131930
-0.0000131006
-0.0000130081
-0.0000129156
-0.0000128230
-0.0000127301
-0.0000126375
-0.0000125447
-0.0000124522
-0.0000123591
-0.0000122664
-0.0000121738
-0.0000120806
-0.0000119881
-0.0000118949
-0.0000118017
-0.0000117086
-0.0000116155
-0.0000115227
-0.0000114289
-0.0000113362
-0.0000112427
-0.0000111499
-0.0000110559
-0.0000109625
-0.0000108682
-0.0000107745
-0.0000106804
-0.0000105863
-0.0000104919
-0.0000103985
-0.0000103041
-0.0000102103
-0.0000101163
-0.0000100218
-0.0000099279
-0.0000098333
-0.0000097382
-0.0000096433
-0.0000095476
-0.0000094534
-0.0000093585
-0.0000092631
-0.0000091681
-0.0000090724
-0.0000089769
-0.0000088807
-0.0000087853
-0.0000086894
-0.0000085932
-0.0000084982
-0.0000084021
-0.0000083054
-0.0000082091
-0.0000081115
-0.0000080153
-0.0000079174
-0.0000078200
-0.0000077220
-0.0000076250
-0.0000075274
-0.0000074287
-0.0000073311
-0.0000072329
-0.0000071337
-0.0000070353
-0.0000069351
-0.0000068364
-0.0000067367
-0.0000066376
-0.0000065376
-0.0000064380
-0.0000063374
-0.0000062378
-0.0000061376
-0.0000060368
-0.0000059359
-0.0000058349
-0.0000057333
-0.0000056318
-0.0000055305
-0.0000054270
-0.0000053260
-0.0000052226
-0.0000051214
-0.0000050181
-0.0000049159
-0.0000048118
-0.0000047061
-0.0000046019
-0.0000044947
-0.0000043914
-0.0000042843
-0.0000041790
-0.0000040724
-0.0000039652
-0.0000038560
-0.0000037482
-0.0000036388
-0.0000035310
-0.0000034215
-0.0000033132
-0.0000032023
-0.0000030918
-0.0000029751
-0.0000028690
-0.0000027585
-0.0000026426
-0.0000025290
-0.0000024130
-0.0000022970
-0.0000021822
-0.0000020685
-0.0000019539
-0.0000018367
-0.0000017216
-0.0000015999
-0.0000014831
-0.0000013681
-0.0000012463
-0.0000011197
-0.0000009623
-0.0000005516
0.0000004876
