0.4784192249
0.4728107545
0.4764468043
0.4772531947
0.4777205196
0.4778870978
0.4779386054
0.4779166210
0.4778348202
0.4777055918
0.4775405195
0.4773388500
0.4771005847
0.4768313912
0.4765309342
0.4761969473
0.4758311747
0.4754351833
0.4750134786
0.4745604797
0.4740719239
0.4735466461
0.4729851202
0.4723898217
0.4717703272
0.4711264481
0.4704481134
0.4697296526
0.4689687749
0.4681647726
0.4673191223
0.4664361742
0.4655292070
0.4645933079
0.4636167409
0.4625943386
0.4615243769
0.4604074898
0.4592475217
0.4580527463
0.4568469283
0.4556211785
0.4543542112
0.4530358800
0.4516611739
0.4502276919
0.4487354486
0.4471869280
0.4455885534
0.4439511232
0.4423071921
0.4406493229
0.4389495309
0.4371949296
0.4353808235
0.4335065090
0.4315751616
0.4295951869
0.4275808173
0.4255750387
0.4235630627
0.4215062571
0.4193873568
0.4171993825
0.4149400567
0.4126113308
0.4102195369
0.4077751307
0.4053013834
0.4028344423
0.4003473153
0.3978134069
0.3952289240
0.3925968065
0.3899422243
0.3872723268
0.3845617078
0.3817988150
0.3789856439
0.3761304909
0.3732450244
0.3703639452
0.3674961780
0.3646169407
0.3617163319
0.3587980235
0.3558700689
0.3529435342
0.3500330713
0.3471568180
0.3443193807
0.3415235518
0.3387762449
0.3360853843
0.3334531029
0.3308849007
0.3283935329
0.3259875506
0.3236671309
0.3214256233
0.3192618557
0.3171777703
0.3151638958
0.3132056159
0.3112965143
0.3094340919
0.3076107671
0.3058184979
0.3040472274
0.3022825520
0.3005158450
0.2987444486
0.2969653332
0.2951757829
0.2933722636
0.2915508156
0.2897108664
0.2878525067
0.2859760374
0.2840819886
0.2821711368
0.2802444806
0.2783030029
0.2763477339
0.2743797367
0.2724001304
0.2704100688
0.2684106398
0.2664031171
0.2643901346
0.2623733651
0.2603535427
0.2583313880
0.2563076052
0.2542828868
0.2522578768
0.2502331759
0.2482101179
0.2461906705
0.2441754255
0.2421647271
0.2401588975
0.2381588165
0.2361659445
0.2341806316
0.2322030266
0.2302333038
0.2282716037
0.2263180735
0.2243739070
0.2224404510
0.2205178288
0.2186060651
0.2167052057
0.2148152732
0.2129363563
0.2110692918
0.2092145417
0.2073720330
0.2055416734
0.2037233947
0.2019171431
0.2001229057
0.1983412729
0.1965733418
0.1948191600
0.1930786163
0.1913516052
0.1896380327
0.1879378032
0.1862508080
0.1845771209
0.1829172929
0.1812713547
0.1796391919
0.1780206987
0.1764157770
0.1748243327
0.1732462655
0.1716814962
0.1701303818
0.1685931949
0.1670698210
0.1655601221
0.1640639812
0.1625812919
0.1611119502
0.1596558542
0.1582129002
0.1567832208
0.1553670409
0.1539642690
0.1525747783
0.1511984459
0.1498351516
0.1484847759
0.1471472026
0.1458223249
0.1445100391
0.1432102446
0.1419228379
0.1406477585
0.1393851341
0.1381349378
0.1368970598
0.1356713893
0.1344578220
0.1332562486
0.1320665626
0.1308886629
0.1297224458
0.1285678174
0.1274246647
0.1262929268
0.1251724917
0.1240634341
0.1229653045
0.1218787747
0.1208020871
0.1197401518
0.1186816947
0.1185053297
0.1183787367
0.1182468816
0.1181073926
0.1179617024
0.1178098527
0.1176516309
0.1174873315
0.1173168231
0.1171402415
0.1169575841
0.1167689118
0.1165742486
0.1163736447
0.1161671336
0.1159547603
0.1157365658
0.1155125927
0.1152828850
0.1150474899
0.1148064518
0.1145598200
0.1143076402
0.1140499662
0.1137868415
0.1135183211
0.1132444575
0.1129653008
0.1126809014
0.1123913194
0.1120966151
0.1117968382
0.1114920482
0.1111823067
0.1108676680
0.1105481994
0.1102239555
0.1098949929
0.1095613808
0.1092231914
0.1088804659
0.1085332851
0.1081817108
0.1078258019
0.1074656371
0.1071012648
0.1067327635
0.1063601940
0.1059836368
0.1056031488
0.1052187809
0.1048306434
0.1044387740
0.1040432651
0.1036441524
0.1032415479
0.1028354988
0.1024260729
0.1020133508
0.1015974054
0.1011783110
0.1007561379
0.1003309498
0.0999028168
0.0994718206
0.0990379878
0.0986014229
0.0981621516
0.0977202918
0.0972758959
0.0968290486
0.0963798046
0.0959282465
0.0954744441
0.0950184662
0.0945604034
0.0941003254
0.0936382974
0.0931743760
0.0927086775
0.0922412173
0.0917721323
0.0913014319
0.0908292344
0.0903555945
0.0898805873
0.0894042678
0.0889267217
0.0884480273
0.0879682489
0.0874874516
0.0870057174
0.0865230996
0.0860395588
0.0855552018
0.0850700460
0.0845842080
0.0840977271
0.0836106582
0.0831231042
0.0826350952
0.0821467247
0.0816580335
0.0811691204
0.0806800038
0.0801907888
0.0797015280
0.0792122599
0.0787230888
0.0782340528
0.0777452187
0.0772566252
0.0767683617
0.0762804898
0.0757930506
0.0753061103
0.0748197343
0.0743339696
0.0738488839
0.0733645204
0.0728809513
0.0723982319
0.0719163987
0.0714355037
0.0709556143
0.0704767952
0.0699990278
0.0695222178
0.0690464295
0.0685717179
0.0680980845
0.0676256311
0.0671543608
0.0666843405
0.0662156204
0.0657482398
0.0652822410
0.0648176649
0.0643545580
0.0638929905
0.0634329325
0.0629745158
0.0625177164
0.0620626000
0.0616092026
0.0611575548
0.0607077114
0.0602596944
0.0598135643
0.0593693481
0.0589270270
0.0584866869
0.0580483549
0.0576120546
0.0571778114
0.0567455395
0.0563152060
0.0558868370
0.0554604632
0.0550361088
0.0546138034
0.0541935829
0.0537754733
0.0533594897
0.0529456636
0.0525340086
0.0521245355
0.0517173424
0.0513123738
0.0509096971
0.0505093085
0.0501112487
0.0497155063
0.0493220972
0.0489310681
0.0485424318
0.0481562131
0.0477723652
0.0473908348
0.0470115907
0.0466346541
0.0462599588
0.0458876167
0.0455176194
0.0451499217
0.0447846044
0.0444216609
0.0440610666
0.0437028910
0.0433470887
0.0429937039
0.0426427475
0.0422942020
0.0419481163
0.0416044254
0.0412632333
0.0409244372
0.0405881450
0.0402542777
0.0399229034
0.0395939599
0.0392674905
0.0389433618
0.0386215505
0.0383020704
0.0379848876
0.0376700639
0.0373575206
0.0370473347
0.0367394851
0.0364339382
0.0361307425
0.0358298933
0.0355313384
0.0352351472
0.0349412969
0.0346497399
0.0343605302
0.0340736482
0.0337890919
0.0335068237
0.0332268977
0.0329492801
0.0326739699
0.0324008859
0.0321299881
0.0318612635
0.0315946916
0.0313302623
0.0310679662
0.0308078200
0.0305498117
0.0302939428
0.0300401956
0.0297885772
0.0295390451
0.0292916301
0.0290463190
0.0288031126
0.0285619925
0.0283229616
0.0280859980
0.0278511066
0.0276182709
0.0273874728
0.0271586345
0.0269317423
0.0267067814
0.0264837514
0.0262626427
0.0260434490
0.0258261585
0.0256107651
0.0253972728
0.0251856501
0.0249759072
0.0247680217
0.0245619859
0.0243578061
0.0241554565
0.0239549398
0.0237562429
0.0235593545
0.0233642657
0.0231709663
0.0229794539
0.0227897043
0.0226016585
0.0224152770
0.0222305194
0.0220474067
0.0218659200
0.0216860536
0.0215078018
0.0213311576
0.0211561078
0.0209826249
0.0208107098
0.0206403594
0.0204715712
0.0203043322
0.0201386276
0.0199744311
0.0198117555
0.0196505928
0.0194909395
0.0193327533
0.0191760087
0.0190207030
0.0188667981
0.0187142900
0.0185631480
0.0184133890
0.0182650073
0.0181179697
0.0179722737
0.0178279190
0.0176849078
0.0175431938
0.0174027961
0.0172637081
0.0171259067
0.0169893749
0.0168541322
0.0167201528
0.0165874165
0.0164559332
0.0163256868
0.0161966151
0.0160687312
0.0159420049
0.0158164205
0.0156919930
0.0155686906
0.0154465183
0.0153254787
0.0152055233
0.0150866855
0.0149689449
0.0148522740
0.0147366977
0.0146221739
0.0145087175
0.0143963134
0.0142849450
0.0141746296
0.0140653184
0.0139570413
0.0138497678
0.0137434835
0.0136381618
0.0135337760
0.0134303532
0.0133278384
0.0132262771
0.0131256088
0.0130258734
0.0129270275
0.0128290897
0.0127320370
0.0126358726
0.0125405674
0.0124461496
0.0123525799
0.0122598768
0.0121680111
0.0120769948
0.0119867989
0.0118974438
0.0118088928
0.0117211729
0.0116342331
0.0115480862
0.0114626836
0.0113780588
0.0112941717
0.0112110424
0.0111286479
0.0110469913
0.0109660627
0.0108858529
0.0108063683
0.0107275785
0.0106495075
0.0105721226
0.0104954353
0.0104194366
0.0103441109
0.0102694722
0.0101954835
0.0101221682
0.0100495108
0.0099774985
0.0099061455
0.0098354157
0.0097653162
0.0096958301
0.0096269359
0.0095586535
0.0094909553
0.0094238458
0.0093573298
0.0092913757
0.0092260035
0.0091612066
0.0090969582
0.0090332788
0.0089701554
0.0089075705
0.0088455386
0.0087840488
0.0087230830
0.0086626587
0.0086027617
0.0085433745
0.0084845122
0.0084261669
0.0083683163
0.0083109747
0.0082541273
0.0081977458
0.0081418439
0.0080864192
0.0080314562
0.0079769513
0.0079229127
0.0078693330
0.0078161901
0.0077635013
0.0077112604
0.0076594541
0.0076080800
0.0075571425
0.0075066385
0.0074565498
0.0074068823
0.0073576374
0.0073088097
0.0072603808
0.0072123610
0.0071647482
0.0071175385
0.0070707157
0.0070242857
0.0069782500
0.0069325973
0.0068873115
0.0068423909
0.0067978388
0.0067536514
0.0067098238
0.0066663437
0.0066232188
0.0065804455
0.0065380234
0.0064959405
0.0064541954
0.0064127891
0.0063717210
0.0063309869
0.0062905790
0.0062504941
0.0062107343
0.0061712976
0.0061321810
0.0060933807
0.0060548853
0.0060167009
0.0059788257
0.0059412566
0.0059039910
0.0058670242
0.0058303450
0.0057939539
0.0057578479
0.0057220255
0.0056864834
0.0056512197
0.0056162244
0.0055815020
0.0055470508
0.0055128683
0.0054789522
0.0054453013
0.0054119117
0.0053787757
0.0053458971
0.0053132737
0.0052809038
0.0052487852
0.0052169156
0.0051852929
0.0051539152
0.0051227728
0.0050918729
0.0050612097
0.0050307846
0.0050005931
0.0049706339
0.0049409058
0.0049114057
0.0048821324
0.0048530805
0.0048242490
0.0047956343
0.0047672320
0.0047390396
0.0047110566
0.0046832797
0.0046557088
0.0046283407
0.0046011742
0.0045742088
0.0045474409
0.0045208675
0.0044944886
0.0044683040
0.0044423108
0.0044165088
0.0043908950
0.0043654692
0.0043402286
0.0043151731
0.0042902999
0.0042656084
0.0042410960
0.0042167622
0.0041926049
0.0041686234
0.0041448152
0.0041211804
0.0040977160
0.0040744206
0.0040512930
0.0040283324
0.0040055375
0.0039829068
0.0039604391
0.0039381327
0.0039159869
0.0038939997
0.0038721705
0.0038504975
0.0038289801
0.0038076165
0.0037864055
0.0037653458
0.0037444356
0.0037236703
0.0037030490
0.0036825695
0.0036622313
0.0036420334
0.0036219741
0.0036020530
0.0035822689
0.0035626204
0.0035431065
0.0035237268
0.0035044792
0.0034853635
0.0034663782
0.0034475227
0.0034287956
0.0034101965
0.0033917230
0.0033733762
0.0033551528
0.0033370529
0.0033190774
0.0033012227
0.0032834893
0.0032658757
0.0032483814
0.0032310043
0.0032137441
0.0031966000
0.0031795712
0.0031626571
0.0031458567
0.0031291689
0.0031125929
0.0030961279
0.0030797728
0.0030635276
0.0030473903
0.0030313613
0.0030154386
0.0029996223
0.0029839105
0.0029683041
0.0029528003
0.0029374003
0.0029221006
0.0029069017
0.0028918030
0.0028768044
0.0028619045
0.0028471025
0.0028323972
0.0028177856
0.0028032684
0.0027888436
0.0027745114
0.0027602709
0.0027461211
0.0027320613
0.0027180891
0.0027042061
0.0026904110
0.0026767042
0.0026630839
0.0026495503
0.0026361025
0.0026227397
0.0026094620
0.0025962680
0.0025831554
0.0025701251
0.0025571759
0.0025443090
0.0025315225
0.0025188168
0.0025061906
0.0024936440
0.0024811759
0.0024687853
0.0024564700
0.0024442317
0.0024320698
0.0024199839
0.0024079733
0.0023960375
0.0023841761
0.0023723890
0.0023606712
0.0023490258
0.0023374538
0.0023259526
0.0023145231
0.0023031640
0.0022918754
0.0022806552
0.0022695021
0.0022584176
0.0022474013
0.0022364527
0.0022255715
0.0022147568
0.0022040083
0.0021933225
0.0021827021
0.0021721468
0.0021616559
0.0021512290
0.0021408658
0.0021305643
0.0021203234
0.0021101442
0.0021000256
0.0020899677
0.0020799694
0.0020700303
0.0020601471
0.0020503225
0.0020405559
0.0020308472
0.0020211962
0.0020116020
0.0020020615
0.0019925768
0.0019831479
0.0019737748
0.0019644569
0.0019551936
0.0019459815
0.0019368234
0.0019277191
0.0019186680
0.0019096699
0.0019007231
0.0018918261
0.0018829819
0.0018741887
0.0018654470
0.0018567561
0.0018481123
0.0018395188
0.0018309753
0.0018224815
0.0018140370
0.0018056383
0.0017972878
0.0017889852
0.0017807310
0.0017725244
0.0017643627
0.0017562471
0.0017481781
0.0017401559
0.0017321790
0.0017242452
0.0017163571
0.0017085136
0.0017007153
0.0016929616
0.0016852486
0.0016775800
0.0016699548
0.0016623734
0.0016548342
0.0016473353
0.0016398790
0.0016324645
0.0016250923
0.0016177586
0.0016104653
0.0016032132
0.0015960014
0.0015888299
0.0015816952
0.0015746007
0.0015675458
0.0015605305
0.0015535514
0.0015466108
0.0015397087
0.0015328452
0.0015260183
0.0015192274
0.0015124742
0.0015057586
0.0014990793
0.0014924346
0.0014858266
0.0014792552
0.0014727201
0.0014662177
0.0014597513
0.0014533205
0.0014469252
0.0014405620
0.0014342333
0.0014279396
0.0014216804
0.0014154529
0.0014092586
0.0014030989
0.0013969728
0.0013908771
0.0013848144
0.0013787846
0.0013727882
0.0013668208
0.0013608859
0.0013549836
0.0013491129
0.0013432711
0.0013374610
0.0013316830
0.0013259347
0.0013202159
0.0013145273
0.0013088695
0.0013032412
0.0012976413
0.0012920718
0.0012865327
0.0012810204
0.0012755373
0.0012700840
0.0012646589
0.0012592607
0.0012538913
0.0012485510
0.0012432370
0.0012379501
0.0012326914
0.0012274607
0.0012222546
0.0012170761
0.0012119254
0.0012067997
0.0012016994
0.0011966272
0.0011915810
0.0011865587
0.0011815625
0.0011765933
0.0011716480
0.0011667273
0.0011618331
0.0011569638
0.0011521176
0.0011472963
0.0011425010
0.0011377281
0.0011329794
0.0011282557
0.0011235554
0.0011188780
0.0011142248
0.0011095959
0.0011049882
0.0011004046
0.0010958449
0.0010913066
0.0010867908
0.0010822991
0.0010778288
0.0010733804
0.0010689550
0.0010645519
0.0010601692
0.0010558094
0.0010514718
0.0010471539
0.0010428580
0.0010385848
0.0010343306
0.0010300983
0.0010258875
0.0010216968
0.0010175262
0.0010133775
0.0010092482
0.0010051389
0.0010010507
0.0009969820
0.0009929328
0.0009889043
0.0009848952
0.0009809049
0.0009769352
0.0009729846
0.0009690522
0.0009651400
0.0009612469
0.0009573716
0.0009535158
0.0009496793
0.0009458598
0.0009420599
0.0009382786
0.0009345140
0.0009307693
0.0009270421
0.0009233314
0.0009196406
0.0009159669
0.0009123100
0.0009086717
0.0009050506
0.0009014460
0.0008978599
0.0008942904
0.0008907373
0.0008872021
0.0008836832
0.0008801808
0.0008766960
0.0008732268
0.0008697742
0.0008663391
0.0008629184
0.0008595147
0.0008561282
0.0008527559
0.0008494005
0.0008460616
0.0008427368
0.0008394288
0.0008361362
0.0008328582
0.0008295966
0.0008263500
0.0008231181
0.0008199025
0.0008167007
0.0008135143
0.0008103437
0.0008071862
0.0008040443
0.0008009176
0.0007978042
0.0007947062
0.0007916225
0.0007885523
0.0007854978
0.0007824561
0.0007794289
0.0007764165
0.0007734165
0.0007704312
0.0007674598
0.0007645013
0.0007615575
0.0007586264
0.0007557089
0.0007528057
0.0007499141
0.0007470369
0.0007441728
0.0007413214
0.0007384839
0.0007356582
0.0007328457
0.0007300469
0.0007272595
0.0007244857
0.0007217243
0.0007189752
0.0007162392
0.0007135144
0.0007108032
0.0007081042
0.0007054165
0.0007027418
0.0007000785
0.0006974276
0.0006947894
0.0006921623
0.0006895464
0.0006869427
0.0006843509
0.0006817712
0.0006792020
0.0006766448
0.0006740994
0.0006715647
0.0006690421
0.0006665302
0.0006640295
0.0006615405
0.0006590618
0.0006565950
0.0006541382
0.0006516928
0.0006492584
0.0006468340
0.0006444216
0.0006420187
0.0006396275
0.0006372463
0.0006348746
0.0006325151
0.0006301645
0.0006278250
0.0006254959
0.0006231767
0.0006208684
0.0006185693
0.0006162807
0.0006140024
0.0006117335
0.0006094758
0.0006072262
0.0006049876
0.0006027582
0.0006005385
0.0005983291
0.0005961281
0.0005939378
0.0005917563
0.0005895846
0.0005874226
0.0005852693
0.0005831264
0.0005809915
0.0005788667
0.0005767509
0.0005746441
0.0005725468
0.0005704576
0.0005683785
0.0005663071
0.0005642451
0.0005621923
0.0005601477
0.0005581129
0.0005560854
0.0005540676
0.0005520580
0.0005500571
0.0005480652
0.0005460810
0.0005441065
0.0005421387
0.0005401806
0.0005382301
0.0005362885
0.0005343555
0.0005324292
0.0005305121
0.0005286027
0.0005267016
0.0005248084
0.0005229232
0.0005210463
0.0005191767
0.0005173159
0.0005154619
0.0005136169
0.0005117784
0.0005099476
0.0005081255
0.0005063102
0.0005045032
0.0005027031
0.0005009114
0.0004991263
0.0004973493
0.0004955791
0.0004938169
0.0004920619
0.0004903141
0.0004885741
0.0004868403
0.0004851148
0.0004833953
0.0004816840
0.0004799790
0.0004782818
0.0004765915
0.0004749081
0.0004732321
0.0004715623
0.0004699007
0.0004682446
0.0004665968
0.0004649545
0.0004633191
0.0004616911
0.0004600694
0.0004584545
0.0004568462
0.0004552449
0.0004536497
0.0004520619
0.0004504795
0.0004489047
0.0004473356
0.0004457733
0.0004442174
0.0004426680
0.0004411246
0.0004395878
0.0004380575
0.0004365330
0.0004350153
0.0004335030
0.0004319978
0.0004304976
0.0004290044
0.0004275168
0.0004260356
0.0004245600
0.0004230906
0.0004216272
0.0004201695
0.0004187180
0.0004172721
0.0004158328
0.0004143984
0.0004129708
0.0004115478
0.0004101315
0.0004087200
0.0004073151
0.0004059152
0.0004045213
0.0004031329
0.0004017501
0.0004003729
0.0003990011
0.0003976350
0.0003962737
0.0003949189
0.0003935684
0.0003922239
0.0003908844
0.0003895507
0.0003882221
0.0003868992
0.0003855810
0.0003842684
0.0003829605
0.0003816585
0.0003803611
0.0003790692
0.0003777819
0.0003765004
0.0003752233
0.0003739517
0.0003726851
0.0003714236
0.0003701670
0.0003689153
0.0003676684
0.0003664265
0.0003651897
0.0003639575
0.0003627304
0.0003615079
0.0003602904
0.0003590773
0.0003578694
0.0003566659
0.0003554676
0.0003542732
0.0003530842
0.0003518992
0.0003507197
0.0003495440
0.0003483734
0.0003472069
0.0003460456
0.0003448880
0.0003437355
0.0003425871
0.0003414436
0.0003403041
0.0003391690
0.0003380386
0.0003369122
0.0003357895
0.0003346726
0.0003335591
0.0003324505
0.0003313456
0.0003302454
0.0003291488
0.0003280572
0.0003269692
0.0003258860
0.0003248063
0.0003237311
0.0003226596
0.0003215929
0.0003205296
0.0003194710
0.0003184158
0.0003173651
0.0003163180
0.0003152752
0.0003142356
0.0003132013
0.0003121698
0.0003111431
0.0003101195
0.0003091005
0.0003080852
0.0003070739
0.0003060661
0.0003050627
0.0003040624
0.0003030666
0.0003020739
0.0003010854
0.0003001000
0.0002991190
0.0002981413
0.0002971676
0.0002961972
0.0002952307
0.0002942677
0.0002933083
0.0002923524
0.0002914003
0.0002904515
0.0002895065
0.0002885649
0.0002876266
0.0002866926
0.0002857611
0.0002848333
0.0002839098
0.0002829889
0.0002820713
0.0002811582
0.0002802476
0.0002793412
0.0002784377
0.0002775376
0.0002766399
0.0002757476
0.0002748567
0.0002739698
0.0002730863
0.0002722060
0.0002713290
0.0002704553
0.0002695846
0.0002687173
0.0002678532
0.0002669921
0.0002661342
0.0002652796
0.0002644281
0.0002635797
0.0002627346
0.0002618921
0.0002610533
0.0002602170
0.0002593843
0.0002585541
0.0002577274
0.0002569033
0.0002560824
0.0002552642
0.0002544496
0.0002536374
0.0002528285
0.0002520224
0.0002512192
0.0002504195
0.0002496217
0.0002488274
0.0002480361
0.0002472480
0.0002464621
0.0002456796
0.0002448995
0.0002441226
0.0002433481
0.0002425767
0.0002418079
0.0002410419
0.0002402787
0.0002395182
0.0002387606
0.0002380055
0.0002372534
0.0002365035
0.0002357569
0.0002350124
0.0002342711
0.0002335322
0.0002327964
0.0002320629
0.0002313319
0.0002306039
0.0002298781
0.0002291554
0.0002284345
0.0002277169
0.0002270012
0.0002262885
0.0002255782
0.0002248702
0.0002241649
0.0002234621
0.0002227619
0.0002220638
0.0002213689
0.0002206759
0.0002199861
0.0002192980
0.0002186130
0.0002179297
0.0002172494
0.0002165712
0.0002158954
0.0002152224
0.0002145511
0.0002138824
0.0002132161
0.0002125523
0.0002118908
0.0002112318
0.0002105751
0.0002099205
0.0002092685
0.0002086184
0.0002079712
0.0002073254
0.0002066828
0.0002060416
0.0002054034
0.0002047670
0.0002041330
0.0002035014
0.0002028718
0.0002022447
0.0002016193
0.0002009965
0.0002003755
0.0001997569
0.0001991405
0.0001985259
0.0001979134
0.0001973039
0.0001966961
0.0001960902
0.0001954867
0.0001948850
0.0001942856
0.0001936882
0.0001930931
0.0001925000
0.0001919089
0.0001913199
0.0001907327
0.0001901476
0.0001895647
0.0001889834
0.0001884046
0.0001878275
0.0001872528
0.0001866797
0.0001861088
0.0001855397
0.0001849727
0.0001844076
0.0001838445
0.0001832833
0.0001827239
0.0001821666
0.0001816110
0.0001810575
0.0001805056
0.0001799558
0.0001794081
0.0001788618
0.0001783180
0.0001777753
0.0001772351
0.0001766964
0.0001761596
0.0001756250
0.0001750917
0.0001745609
0.0001740312
0.0001735038
0.0001729779
0.0001724541
0.0001719315
0.0001714108
0.0001708925
0.0001703756
0.0001698603
0.0001693469
0.0001688352
0.0001683255
0.0001678171
0.0001673109
0.0001668059
0.0001663029
0.0001658017
0.0001653019
0.0001648041
0.0001643077
0.0001638131
0.0001633202
0.0001628288
0.0001623393
0.0001618510
0.0001613649
0.0001608800
0.0001603970
0.0001599157
0.0001594356
0.0001589577
0.0001584808
0.0001580059
0.0001575324
0.0001570606
0.0001565904
0.0001561214
0.0001556548
0.0001551890
0.0001547251
0.0001542626
0.0001538017
0.0001533425
0.0001528845
0.0001524283
0.0001519735
0.0001515202
0.0001510685
0.0001506184
0.0001501692
0.0001497216
0.0001492762
0.0001488318
0.0001483890
0.0001479477
0.0001475079
0.0001470692
0.0001466318
0.0001461969
0.0001457626
0.0001453294
0.0001448985
0.0001444687
0.0001440402
0.0001436133
0.0001431876
0.0001427636
0.0001423406
0.0001419193
0.0001414992
0.0001410804
0.0001406633
0.0001402474
0.0001398329
0.0001394197
0.0001390079
0.0001385974
0.0001381883
0.0001377804
0.0001373740
0.0001369688
0.0001365653
0.0001361626
0.0001357614
0.0001353619
0.0001349630
0.0001345656
0.0001341699
0.0001337751
0.0001333819
0.0001329896
0.0001325993
0.0001322094
0.0001318212
0.0001314340
0.0001310483
0.0001306638
0.0001302806
0.0001298983
0.0001295172
0.0001291378
0.0001287596
0.0001283823
0.0001280066
0.0001276319
0.0001272583
0.0001268863
0.0001265151
0.0001261452
0.0001257766
0.0001254092
0.0001250429
0.0001246779
0.0001243139
0.0001239512
0.0001235895
0.0001232290
0.0001228697
0.0001225115
0.0001221546
0.0001217988
0.0001214441
0.0001210906
0.0001207383
0.0001203868
0.0001200363
0.0001196875
0.0001193394
0.0001189924
0.0001186468
0.0001183020
0.0001179583
0.0001176160
0.0001172744
0.0001169343
0.0001165947
0.0001162565
0.0001159194
0.0001155833
0.0001152483
0.0001149145
0.0001145814
0.0001142493
0.0001139188
0.0001135889
0.0001132602
0.0001129324
0.0001126059
0.0001122801
0.0001119555
0.0001116318
0.0001113092
0.0001109875
0.0001106668
0.0001103474
0.0001100287
0.0001097110
0.0001093943
0.0001090788
0.0001087641
0.0001084507
0.0001081378
0.0001078261
0.0001075153
0.0001072055
0.0001068966
0.0001065887
0.0001062818
0.0001059761
0.0001056709
0.0001053669
0.0001050639
0.0001047614
0.0001044604
0.0001041600
0.0001038607
0.0001035624
0.0001032648
0.0001029682
0.0001026727
0.0001023778
0.0001020840
0.0001017911
0.0001014991
0.0001012080
0.0001009178
0.0001006286
0.0001003401
0.0001000521
0.0000997660
0.0000994800
0.0000991952
0.0000989114
0.0000986281
0.0000983459
0.0000980643
0.0000977838
0.0000975042
0.0000972254
0.0000969474
0.0000966705
0.0000963941
0.0000961187
0.0000958441
0.0000955703
0.0000952974
0.0000950257
0.0000947541
0.0000944835
0.0000942140
0.0000939453
0.0000936773
0.0000934101
0.0000931439
0.0000928784
0.0000926136
0.0000923498
0.0000920866
0.0000918243
0.0000915630
0.0000913022
0.0000910424
0.0000907833
0.0000905249
0.0000902674
0.0000900107
0.0000897546
0.0000894997
0.0000892451
0.0000889911
0.0000887383
0.0000884860
0.0000882347
0.0000879840
0.0000877342
0.0000874852
0.0000872369
0.0000869893
0.0000867426
0.0000864963
0.0000862513
0.0000860063
0.0000857621
0.0000855192
0.0000852766
0.0000850350
0.0000847939
0.0000845537
0.0000843142
0.0000840755
0.0000838373
0.0000836000
0.0000833633
0.0000831273
0.0000828921
0.0000826575
0.0000824236
0.0000821906
0.0000819581
0.0000817262
0.0000814954
0.0000812647
0.0000810350
0.0000808060
0.0000805776
0.0000803500
0.0000801231
0.0000798968
0.0000796713
0.0000794464
0.0000792221
0.0000789987
0.0000787756
0.0000785534
0.0000783320
0.0000781109
0.0000778905
0.0000776709
0.0000774518
0.0000772335
0.0000770159
0.0000767987
0.0000765824
0.0000763667
0.0000761515
0.0000759373
0.0000757234
0.0000755102
0.0000752978
0.0000750856
0.0000748742
0.0000746635
0.0000744533
0.0000742438
0.0000740349
0.0000738267
0.0000736190
0.0000734120
0.0000732055
0.0000729997
0.0000727945
0.0000725899
0.0000723861
0.0000721826
0.0000719798
0.0000717777
0.0000715761
0.0000713752
0.0000711748
0.0000709752
0.0000707757
0.0000705768
0.0000703788
0.0000701811
0.0000699841
0.0000697876
0.0000695917
0.0000693965
0.0000692017
0.0000690078
0.0000688142
0.0000686212
0.0000684287
0.0000682369
0.0000680455
0.0000678548
0.0000676646
0.0000674750
0.0000672860
0.0000670975
0.0000669095
0.0000667221
0.0000665351
0.0000663487
0.0000661631
0.0000659776
0.0000657929
0.0000656087
0.0000654249
0.0000652416
0.0000650589
0.0000648767
0.0000646949
0.0000645139
0.0000643332
0.0000641531
0.0000639735
0.0000637944
0.0000636159
0.0000634379
0.0000632603
0.0000630833
0.0000629068
0.0000627308
0.0000625553
0.0000623804
0.0000622060
0.0000620318
0.0000618585
0.0000616854
0.0000615129
0.0000613409
0.0000611694
0.0000609983
0.0000608278
0.0000606578
0.0000604881
0.0000603191
0.0000601504
0.0000599824
0.0000598146
0.0000596476
0.0000594807
0.0000593142
0.0000591487
0.0000589833
0.0000588185
0.0000586541
0.0000584901
0.0000583268
0.0000581637
0.0000580014
0.0000578393
0.0000576775
0.0000575165
0.0000573557
0.0000571955
0.0000570358
0.0000568764
0.0000567174
0.0000565591
0.0000564009
0.0000562435
0.0000560861
0.0000559291
0.0000557731
0.0000556174
0.0000554618
0.0000553069
0.0000551526
0.0000549983
0.0000548444
0.0000546913
0.0000545385
0.0000543862
0.0000542343
0.0000540831
0.0000539317
0.0000537808
0.0000536307
0.0000534808
0.0000533314
0.0000531825
0.0000530339
0.0000528856
0.0000527380
0.0000525906
0.0000524437
0.0000522972
0.0000521512
0.0000520054
0.0000518603
0.0000517152
0.0000515709
0.0000514271
0.0000512831
0.0000511396
0.0000509971
0.0000508543
0.0000507120
0.0000505705
0.0000504293
0.0000502882
0.0000501480
0.0000500076
0.0000498680
0.0000497288
0.0000495898
0.0000494513
0.0000493132
0.0000491755
0.0000490381
0.0000489012
0.0000487646
0.0000486284
0.0000484925
0.0000483570
0.0000482219
0.0000480871
0.0000479529
0.0000478188
0.0000476852
0.0000475519
0.0000474191
0.0000472865
0.0000471544
0.0000470226
0.0000468911
0.0000467601
0.0000466293
0.0000464990
0.0000463690
0.0000462393
0.0000461099
0.0000459810
0.0000458524
0.0000457241
0.0000455963
0.0000454688
0.0000453415
0.0000452149
0.0000450884
0.0000449623
0.0000448365
0.0000447111
0.0000445861
0.0000444614
0.0000443371
0.0000442129
0.0000440893
0.0000439660
0.0000438429
0.0000437203
0.0000435979
0.0000434758
0.0000433541
0.0000432328
0.0000431117
0.0000429911
0.0000428707
0.0000427506
0.0000426308
0.0000425114
0.0000423924
0.0000422735
0.0000421551
0.0000420372
0.0000419194
0.0000418019
0.0000416849
0.0000415681
0.0000414516
0.0000413356
0.0000412197
0.0000411041
0.0000409889
0.0000408740
0.0000407595
0.0000406452
0.0000405312
0.0000404175
0.0000403042
0.0000401913
0.0000400785
0.0000399661
0.0000398540
0.0000397421
0.0000396306
0.0000395193
0.0000394085
0.0000392979
0.0000391876
0.0000390775
0.0000389679
0.0000388584
0.0000387494
0.0000386405
0.0000385319
0.0000384237
0.0000383157
0.0000382080
0.0000381007
0.0000379936
0.0000378868
0.0000377803
0.0000376740
0.0000375681
0.0000374625
0.0000373570
0.0000372519
0.0000371470
0.0000370426
0.0000369383
0.0000368343
0.0000367306
0.0000366272
0.0000365241
0.0000364212
0.0000363187
0.0000362163
0.0000361144
0.0000360125
0.0000359109
0.0000358098
0.0000357089
0.0000356082
0.0000355077
0.0000354077
0.0000353078
0.0000352082
0.0000351089
0.0000350099
0.0000349110
0.0000348124
0.0000347143
0.0000346162
0.0000345185
0.0000344209
0.0000343237
0.0000342267
0.0000341300
0.0000340335
0.0000339372
0.0000338412
0.0000337455
0.0000336502
0.0000335547
0.0000334596
0.0000333652
0.0000332707
0.0000331764
0.0000330826
0.0000329888
0.0000328954
0.0000328022
0.0000327094
0.0000326165
0.0000325242
0.0000324320
0.0000323401
0.0000322484
0.0000321570
0.0000320657
0.0000319747
0.0000318841
0.0000317935
0.0000317032
0.0000316132
0.0000315235
0.0000314339
0.0000313446
0.0000312556
0.0000311668
0.0000310781
0.0000309901
0.0000309017
0.0000308135
0.0000307261
0.0000306387
0.0000305515
0.0000304646
0.0000303778
0.0000302913
0.0000302050
0.0000301191
0.0000300333
0.0000299477
0.0000298622
0.0000297772
0.0000296922
0.0000296075
0.0000295231
0.0000294388
0.0000293548
0.0000292709
0.0000291874
0.0000291040
0.0000290208
0.0000289380
0.0000288551
0.0000287728
0.0000286905
0.0000286086
0.0000285268
0.0000284452
0.0000283639
0.0000282828
0.0000282018
0.0000281211
0.0000280406
0.0000279603
0.0000278802
0.0000278003
0.0000277207
0.0000276410
0.0000275620
0.0000274828
0.0000274040
0.0000273253
0.0000272470
0.0000271688
0.0000270908
0.0000270131
0.0000269355
0.0000268581
0.0000267809
0.0000267040
0.0000266272
0.0000265506
0.0000264743
0.0000263982
0.0000263222
0.0000262464
0.0000261709
0.0000260955
0.0000260204
0.0000259455
0.0000258707
0.0000257961
0.0000257217
0.0000256476
0.0000255735
0.0000254998
0.0000254263
0.0000253530
0.0000252797
0.0000252068
0.0000251339
0.0000250612
0.0000249888
0.0000249166
0.0000248446
0.0000247728
0.0000247010
0.0000246296
0.0000245583
0.0000244872
0.0000244164
0.0000243455
0.0000242750
0.0000242047
0.0000241345
0.0000240646
0.0000239946
0.0000239251
0.0000238557
0.0000237865
0.0000237175
0.0000236487
0.0000235800
0.0000235115
0.0000234431
0.0000233751
0.0000233071
0.0000232394
0.0000231717
0.0000231044
0.0000230370
0.0000229702
0.0000229032
0.0000228363
0.0000227699
0.0000227036
0.0000226374
0.0000225714
0.0000225056
0.0000224400
0.0000223745
0.0000223094
0.0000222441
0.0000221790
0.0000221143
0.0000220497
0.0000219854
0.0000219211
0.0000218570
0.0000217931
0.0000217293
0.0000216657
0.0000216024
0.0000215391
0.0000214761
0.0000214131
0.0000213504
0.0000212878
0.0000212254
0.0000211632
0.0000211011
0.0000210391
0.0000209775
0.0000209159
0.0000208546
0.0000207932
0.0000207321
0.0000206712
0.0000206104
0.0000205498
0.0000204894
0.0000204292
0.0000203691
0.0000203091
0.0000202492
0.0000201896
0.0000201301
0.0000200708
0.0000200116
0.0000199526
0.0000198937
0.0000198349
0.0000197764
0.0000197179
0.0000196597
0.0000196016
0.0000195437
0.0000194859
0.0000194282
0.0000193708
0.0000193135
0.0000192563
0.0000191992
0.0000191424
0.0000190857
0.0000190291
0.0000189727
0.0000189165
0.0000188603
0.0000188043
0.0000187485
0.0000186928
0.0000186373
0.0000185819
0.0000185267
0.0000184718
0.0000184167
0.0000183618
0.0000183073
0.0000182527
0.0000181984
0.0000181442
0.0000180902
0.0000180362
0.0000179825
0.0000179289
0.0000178754
0.0000178221
0.0000177689
0.0000177159
0.0000176630
0.0000176102
0.0000175577
0.0000175051
0.0000174528
0.0000174006
0.0000173485
0.0000172965
0.0000172447
0.0000171930
0.0000171415
0.0000170901
0.0000170389
0.0000169878
0.0000169369
0.0000168861
0.0000168354
0.0000167849
0.0000167344
0.0000166841
0.0000166338
0.0000165839
0.0000165340
0.0000164842
0.0000164347
0.0000163852
0.0000163358
0.0000162865
0.0000162374
0.0000161885
0.0000161397
0.0000160910
0.0000160424
0.0000159940
0.0000159457
0.0000158976
0.0000158496
0.0000158017
0.0000157539
0.0000157063
0.0000156588
0.0000156114
0.0000155643
0.0000155170
0.0000154698
0.0000154230
0.0000153761
0.0000153296
0.0000152830
0.0000152366
0.0000151903
0.0000151441
0.0000150981
0.0000150521
0.0000150064
0.0000149608
0.0000149152
0.0000148698
0.0000148245
0.0000147794
0.0000147343
0.0000146895
0.0000146447
0.0000146000
0.0000145555
0.0000145110
0.0000144667
0.0000144225
0.0000143784
0.0000143344
0.0000142906
0.0000142469
0.0000142033
0.0000141597
0.0000141164
0.0000140731
0.0000140300
0.0000139869
0.0000139441
0.0000139012
0.0000138586
0.0000138160
0.0000137736
0.0000137313
0.0000136890
0.0000136470
0.0000136050
0.0000135630
0.0000135213
0.0000134796
0.0000134381
0.0000133966
0.0000133553
0.0000133141
0.0000132730
0.0000132320
0.0000131911
0.0000131503
0.0000131097
0.0000130692
0.0000130287
0.0000129884
0.0000129482
0.0000129081
0.0000128681
0.0000128282
0.0000127884
0.0000127487
0.0000127091
0.0000126696
0.0000126303
0.0000125910
0.0000125519
0.0000125129
0.0000124740
0.0000124352
0.0000123965
0.0000123580
0.0000123196
0.0000122812
0.0000122430
0.0000122049
0.0000121669
0.0000121290
0.0000120912
0.0000120536
0.0000120160
0.0000119785
0.0000119412
0.0000119039
0.0000118669
0.0000118298
0.0000117929
0.0000117561
0.0000117193
0.0000116828
0.0000116463
0.0000116099
0.0000115736
0.0000115374
0.0000115014
0.0000114654
0.0000114294
0.0000113937
0.0000113580
0.0000113225
0.0000112870
0.0000112517
0.0000112164
0.0000111813
0.0000111463
0.0000111113
0.0000110765
0.0000110417
0.0000110070
0.0000109725
0.0000109381
0.0000109038
0.0000108694
0.0000108354
0.0000108012
0.0000107674
0.0000107334
0.0000106995
0.0000106659
0.0000106323
0.0000105989
0.0000105655
0.0000105322
0.0000104991
0.0000104659
0.0000104329
0.0000104000
0.0000103672
0.0000103345
0.0000103018
0.0000102693
0.0000102368
0.0000102045
0.0000101722
0.0000101401
0.0000101080
0.0000100759
0.0000100440
0.0000100122
0.0000099805
0.0000099488
0.0000099173
0.0000098858
0.0000098545
0.0000098232
0.0000097920
0.0000097609
0.0000097299
0.0000096990
0.0000096681
0.0000096374
0.0000096068
0.0000095762
0.0000095458
0.0000095154
0.0000094852
0.0000094549
0.0000094249
0.0000093948
0.0000093649
0.0000093350
0.0000093052
0.0000092755
0.0000092459
0.0000092164
0.0000091869
0.0000091576
0.0000091284
0.0000090992
0.0000090700
0.0000090410
0.0000090121
0.0000089832
0.0000089544
0.0000089257
0.0000088971
0.0000088686
0.0000088401
0.0000088117
0.0000087834
0.0000087552
0.0000087270
0.0000086990
0.0000086710
0.0000086432
0.0000086154
0.0000085876
0.0000085600
0.0000085324
0.0000085049
0.0000084775
0.0000084501
0.0000084229
0.0000083956
0.0000083685
0.0000083415
0.0000083145
0.0000082877
0.0000082608
0.0000082342
0.0000082075
0.0000081810
0.0000081544
0.0000081280
0.0000081017
0.0000080754
0.0000080492
0.0000080231
0.0000079970
0.0000079710
0.0000079451
0.0000079193
0.0000078936
0.0000078679
0.0000078424
0.0000078168
0.0000077914
0.0000077661
0.0000077408
0.0000077156
0.0000076904
0.0000076654
0.0000076403
0.0000076154
0.0000075905
0.0000075658
0.0000075411
0.0000075164
0.0000074918
0.0000074674
0.0000074430
0.0000074186
0.0000073944
0.0000073702
0.0000073461
0.0000073220
0.0000072980
0.0000072741
0.0000072502
0.0000072264
0.0000072027
0.0000071790
0.0000071555
0.0000071319
0.0000071085
0.0000070851
0.0000070618
0.0000070386
0.0000070154
0.0000069923
0.0000069692
0.0000069462
0.0000069233
0.0000069004
0.0000068776
0.0000068549
0.0000068322
0.0000068096
0.0000067871
0.0000067646
0.0000067422
0.0000067198
0.0000066976
0.0000066754
0.0000066532
0.0000066311
0.0000066090
0.0000065871
0.0000065651
0.0000065433
0.0000065214
0.0000064997
0.0000064780
0.0000064564
0.0000064349
0.0000064134
0.0000063919
0.0000063705
0.0000063492
0.0000063279
0.0000063067
0.0000062856
0.0000062644
0.0000062434
0.0000062224
0.0000062015
0.0000061806
0.0000061598
0.0000061390
0.0000061183
0.0000060976
0.0000060770
0.0000060565
0.0000060360
0.0000060155
0.0000059951
0.0000059748
0.0000059545
0.0000059343
0.0000059142
0.0000058941
0.0000058741
0.0000058541
0.0000058342
0.0000058143
0.0000057945
0.0000057748
0.0000057551
0.0000057355
0.0000057159
0.0000056963
0.0000056769
0.0000056575
0.0000056381
0.0000056188
0.0000055996
0.0000055804
0.0000055613
0.0000055422
0.0000055232
0.0000055042
0.0000054853
0.0000054664
0.0000054476
0.0000054288
0.0000054101
0.0000053914
0.0000053728
0.0000053543
0.0000053358
0.0000053173
0.0000052989
0.0000052805
0.0000052622
0.0000052439
0.0000052257
0.0000052075
0.0000051894
0.0000051713
0.0000051532
0.0000051352
0.0000051173
0.0000050994
0.0000050815
0.0000050637
0.0000050459
0.0000050282
0.0000050105
0.0000049929
0.0000049753
0.0000049577
0.0000049402
0.0000049227
0.0000049053
0.0000048879
0.0000048706
0.0000048532
0.0000048360
0.0000048187
0.0000048016
0.0000047844
0.0000047673
0.0000047502
0.0000047332
0.0000047162
0.0000046992
0.0000046823
0.0000046654
0.0000046485
0.0000046317
0.0000046149
0.0000045981
0.0000045814
0.0000045647
0.0000045481
0.0000045315
0.0000045149
0.0000044984
0.0000044818
0.0000044654
0.0000044489
0.0000044325
0.0000044161
0.0000043997
0.0000043834
0.0000043671
0.0000043508
0.0000043346
0.0000043183
0.0000043022
0.0000042860
0.0000042699
0.0000042538
0.0000042378
0.0000042218
0.0000042058
0.0000041898
0.0000041739
0.0000041580
0.0000041422
0.0000041263
0.0000041105
0.0000040948
0.0000040790
0.0000040633
0.0000040476
0.0000040320
0.0000040164
0.0000040008
0.0000039852
0.0000039696
0.0000039541
0.0000039386
0.0000039231
0.0000039077
0.0000038922
0.0000038768
0.0000038614
0.0000038461
0.0000038307
0.0000038154
0.0000038001
0.0000037848
0.0000037695
0.0000037543
0.0000037391
0.0000037239
0.0000037086
0.0000036935
0.0000036783
0.0000036632
0.0000036481
0.0000036330
0.0000036179
0.0000036028
0.0000035877
0.0000035727
0.0000035576
0.0000035425
0.0000035275
0.0000035125
0.0000034975
0.0000034826
0.0000034674
0.0000034526
0.0000034376
0.0000034226
0.0000034076
0.0000033927
0.0000033778
0.0000033628
0.0000033480
0.0000033330
0.0000033182
0.0000033033
0.0000032885
0.0000032736
0.0000032588
0.0000032440
0.0000032292
0.0000032144
0.0000031996
0.0000031848
0.0000031700
0.0000031553
0.0000031405
0.0000031257
0.0000031110
0.0000030963
0.0000030815
0.0000030668
0.0000030521
0.0000030374
0.0000030227
0.0000030079
0.0000029932
0.0000029784
0.0000029637
0.0000029489
0.0000029341
0.0000029193
0.0000029045
0.0000028897
0.0000028749
0.0000028601
0.0000028453
0.0000028305
0.0000028156
0.0000028008
0.0000027859
0.0000027711
0.0000027561
0.0000027412
0.0000027263
0.0000027113
0.0000026965
0.0000026815
0.0000026665
0.0000026515
0.0000026365
0.0000026214
0.0000026063
0.0000025912
0.0000025761
0.0000025609
0.0000025457
0.0000025304
0.0000025152
0.0000024999
0.0000024847
0.0000024693
0.0000024540
0.0000024387
0.0000024232
0.0000024079
0.0000023924
0.0000023769
0.0000023614
0.0000023459
0.0000023304
0.0000023147
0.0000022992
0.0000022835
0.0000022680
0.0000022522
0.0000022365
0.0000022206
0.0000022047
0.0000021888
0.0000021729
0.0000021568
0.0000021410
0.0000021249
0.0000021088
0.0000020928
0.0000020766
0.0000020604
0.0000020441
0.0000020277
0.0000020113
0.0000019947
0.0000019783
0.0000019618
0.0000019451
0.0000019285
0.0000019117
0.0000018950
0.0000018780
0.0000018611
0.0000018442
0.0000018271
0.0000018102
0.0000017930
0.0000017757
0.0000017584
0.0000017408
0.0000017234
0.0000017057
0.0000016880
0.0000016701
0.0000016523
0.0000016344
0.0000016162
0.0000015982
0.0000015800
0.0000015615
0.0000015431
0.0000015242
0.0000015057
0.0000014868
0.0000014681
0.0000014491
0.0000014301
0.0000014109
0.0000013919
0.0000013726
0.0000013532
0.0000013337
0.0000013140
0.0000012942
0.0000012744
0.0000012545
0.0000012340
0.0000012141
0.0000011935
0.0000011733
0.0000011526
0.0000011320
0.0000011109
0.0000010894
0.0000010681
0.0000010460
0.0000010247
0.0000010025
0.0000009805
0.0000009581
0.0000009355
0.0000009123
0.0000008893
0.0000008659
0.0000008426
0.0000008189
0.0000007953
0.0000007709
0.0000007465
0.0000007205
0.0000006969
0.0000006722
0.0000006459
0.0000006202
0.0000005937
0.0000005671
0.0000005406
0.0000005143
0.0000004877
0.0000004602
0.0000004331
0.0000004041
0.0000003762
0.0000003485
0.0000003188
0.0000002877
0.0000002485
0.0000001432
-0.0000001274
