0.3581501700
0.3581499739
0.3581493311
0.3581481707
0.3581464873
0.3581442913
0.3581415877
0.3581383801
0.3581346706
0.3581304614
0.3581257545
0.3581205515
0.3581148540
0.3581086640
0.3581019833
0.3580948136
0.3580871570
0.3580790157
0.3580703920
0.3580612877
0.3580517050
0.3580416462
0.3580311139
0.3580201108
0.3580086398
0.3579967034
0.3579843037
0.3579714433
0.3579581247
0.3579443508
0.3579301246
0.3579154494
0.3579003285
0.3578847646
0.3578687602
0.3578523180
0.3578354409
0.3578181322
0.3578003951
0.3577822334
0.3577636508
0.3577446495
0.3577252315
0.3577053990
0.3576851544
0.3576645004
0.3576434402
0.3576219776
0.3576001162
0.3575778602
0.3575552134
0.3575321782
0.3575087559
0.3574849483
0.3574607576
0.3574361872
0.3574112409
0.3573859228
0.3573602374
0.3573341888
0.3573077787
0.3572810076
0.3572538767
0.3572263873
0.3571985415
0.3571703426
0.3571417948
0.3571129024
0.3570836701
0.3570541019
0.3570241998
0.3569939660
0.3569634030
0.3569325137
0.3569013016
0.3568697694
0.3568379187
0.3568057519
0.3567732719
0.3567404822
0.3567073871
0.3566739927
0.3566403027
0.3566063188
0.3565720430
0.3565374780
0.3565026269
0.3564674944
0.3564320863
0.3563964086
0.3563604658
0.3563242623
0.3562878030
0.3562510925
0.3562141361
0.3561769401
0.3561395129
0.3561018620
0.3560639925
0.3560259099
0.3559876235
0.3559491417
0.3559104691
0.3558716136
0.3558325879
0.3557934034
0.3557540675
0.3557145851
0.3556749612
0.3556352048
0.3555953267
0.3555553343
0.3555152345
0.3554750334
0.3554347377
0.3553943548
0.3553538906
0.3553133506
0.3552727399
0.3552320633
0.3551913252
0.3551505300
0.3551096815
0.3550687835
0.3550278396
0.3549868534
0.3549458291
0.3549047704
0.3548636809
0.3548225630
0.3547814183
0.3547402489
0.3546990573
0.3546578460
0.3546166173
0.3545753736
0.3545341173
0.3544928514
0.3544515779
0.3544102986
0.3543690152
0.3543277295
0.3542864430
0.3542451570
0.3542038725
0.3541625908
0.3541213131
0.3540800405
0.3540387743
0.3539975160
0.3539562672
0.3539150291
0.3538738033
0.3538325912
0.3537913943
0.3537502139
0.3537090507
0.3536679049
0.3536267766
0.3535856660
0.3535445734
0.3535034995
0.3534624466
0.3534214161
0.3533804090
0.3533394256
0.3532984667
0.3532575327
0.3532166244
0.3531757422
0.3531348870
0.3530940590
0.3530532581
0.3530124842
0.3529717379
0.3529310199
0.3528903313
0.3528496727
0.3528090452
0.3527684495
0.3527278861
0.3526873550
0.3526468561
0.3526063896
0.3525659557
0.3525255551
0.3524851885
0.3524448566
0.3524045601
0.3523642994
0.3523240746
0.3522838857
0.3522437328
0.3522036160
0.3521635353
0.3521234908
0.3520834827
0.3520435113
0.3520035773
0.3519636810
0.3519238229
0.3518840035
0.3518442230
0.3518044813
0.3517647787
0.3517251152
0.3516854908
0.3516459057
0.3516063600
0.3515668539
0.3515273875
0.3514879610
0.3514485748
0.3514092288
0.3513699232
0.3513306581
0.3512914336
0.3512522498
0.3512131066
0.3511740043
0.3511349427
0.3511304269
0.3511256713
0.3511206762
0.3511154417
0.3511099675
0.3511042537
0.3510983004
0.3510921076
0.3510856753
0.3510790038
0.3510720932
0.3510649434
0.3510575549
0.3510499278
0.3510420623
0.3510339586
0.3510256170
0.3510170378
0.3510082212
0.3509991676
0.3509898771
0.3509803502
0.3509705871
0.3509605882
0.3509503538
0.3509398842
0.3509291800
0.3509182414
0.3509070686
0.3508956621
0.3508840224
0.3508721499
0.3508600447
0.3508477076
0.3508351386
0.3508223386
0.3508093076
0.3507960459
0.3507825542
0.3507688334
0.3507548828
0.3507407037
0.3507262963
0.3507116612
0.3506967986
0.3506817090
0.3506663929
0.3506508506
0.3506350829
0.3506190901
0.3506028725
0.3505864306
0.3505697650
0.3505528765
0.3505357645
0.3505184307
0.3505008750
0.3504830975
0.3504650994
0.3504468809
0.3504284425
0.3504097849
0.3503909082
0.3503718126
0.3503524997
0.3503329687
0.3503132218
0.3502932573
0.3502730775
0.3502526825
0.3502320728
0.3502112487
0.3501902107
0.3501689594
0.3501474953
0.3501258193
0.3501039321
0.3500818337
0.3500595242
0.3500370060
0.3500142767
0.3499913399
0.3499681936
0.3499448397
0.3499212791
0.3498975114
0.3498735367
0.3498493564
0.3498249709
0.3498003808
0.3497755865
0.3497505885
0.3497253874
0.3496999841
0.3496743775
0.3496485697
0.3496225617
0.3495963540
0.3495699452
0.3495433390
0.3495165333
0.3494895308
0.3494623305
0.3494349350
0.3494073419
0.3493795553
0.3493515734
0.3493233968
0.3492950275
0.3492664659
0.3492377111
0.3492087639
0.3491796258
0.3491502971
0.3491207784
0.3490910700
0.3490611726
0.3490310866
0.3490008127
0.3489703513
0.3489397033
0.3489088691
0.3488778482
0.3488466413
0.3488152497
0.3487836747
0.3487519158
0.3487199716
0.3486878463
0.3486555400
0.3486230497
0.3485903811
0.3485575307
0.3485245017
0.3484912939
0.3484579074
0.3484243437
0.3483906032
0.3483566855
0.3483225944
0.3482883247
0.3482538832
0.3482192673
0.3481844768
0.3481495155
0.3481143825
0.3480790754
0.3480435986
0.3480079522
0.3479721364
0.3479361477
0.3478999904
0.3478636646
0.3478271706
0.3477905086
0.3477536791
0.3477166825
0.3476795194
0.3476421899
0.3476046949
0.3475670356
0.3475292124
0.3474912260
0.3474530766
0.3474147645
0.3473762907
0.3473376560
0.3472988610
0.3472599065
0.3472207929
0.3471815210
0.3471420912
0.3471025016
0.3470627529
0.3470228476
0.3469827864
0.3469425698
0.3469021924
0.3468616600
0.3468209742
0.3467801340
0.3467391358
0.3466979865
0.3466566864
0.3466152283
0.3465736219
0.3465318649
0.3464899536
0.3464478965
0.3464056858
0.3463633279
0.3463208220
0.3462781652
0.3462353644
0.3461924104
0.3461493151
0.3461060658
0.3460626761
0.3460191327
0.3459754491
0.3459316135
0.3458876360
0.3458435102
0.3457992400
0.3457548270
0.3457102657
0.3456655662
0.3456207182
0.3455757298
0.3455306024
0.3454853269
0.3454399144
0.3453943626
0.3453486652
0.3453028317
0.3452568614
0.3452107448
0.3451644922
0.3451181034
0.3450715735
0.3450249026
0.3449780955
0.3449311522
0.3448840686
0.3448368440
0.3447894835
0.3447419872
0.3446943555
0.3446465843
0.3445986754
0.3445506321
0.3445024545
0.3444541429
0.3444056975
0.3443571173
0.3443083999
0.3442595498
0.3442105671
0.3441614519
0.3441122040
0.3440628239
0.3440133109
0.3439636656
0.3439138877
0.3438639774
0.3438139347
0.3437637600
0.3437134523
0.3436630135
0.3436124439
0.3435617435
0.3435109129
0.3434599522
0.3434088617
0.3433576416
0.3433062921
0.3432548123
0.3432032029
0.3431514647
0.3430995977
0.3430476021
0.3429954782
0.3429432261
0.3428908461
0.3428383376
0.3427857012
0.3427329365
0.3426800438
0.3426270236
0.3425738709
0.3425205901
0.3424671823
0.3424136479
0.3423599874
0.3423062011
0.3422522894
0.3421982453
0.3421440744
0.3420897788
0.3420353587
0.3419808144
0.3419261432
0.3418713405
0.3418164143
0.3417613647
0.3417061921
0.3416508896
0.3415954582
0.3415399042
0.3414842279
0.3414284250
0.3413724907
0.3413164348
0.3412602577
0.3412039527
0.3411475184
0.3410909637
0.3410342890
0.3409774795
0.3409205482
0.3408634975
0.3408063184
0.3407490112
0.3406915854
0.3406340347
0.3405763525
0.3405185520
0.3404606273
0.3404025701
0.3403443954
0.3402860950
0.3402276643
0.3401691175
0.3401104402
0.3400516382
0.3399927210
0.3399336661
0.3398744945
0.3398152005
0.3397557750
0.3396962358
0.3396365618
0.3395767692
0.3395168544
0.3394568086
0.3393966508
0.3393363531
0.3392759425
0.3392154013
0.3391547375
0.3390939517
0.3390330351
0.3389720042
0.3389108353
0.3388495569
0.3387881380
0.3387266086
0.3386649432
0.3386031632
0.3385412507
0.3384792205
0.3384170601
0.3383547801
0.3382923711
0.3382298419
0.3381671834
0.3381044052
0.3380414964
0.3379784696
0.3379153096
0.3378520345
0.3377886223
0.3377250996
0.3376614351
0.3375976624
0.3375337491
0.3374697238
0.3374055653
0.3373412867
0.3372768836
0.3372123511
0.3371477040
0.3370829169
0.3370180195
0.3369529839
0.3368878305
0.3368225519
0.3367571416
0.3366916197
0.3366259526
0.3365601722
0.3364942629
0.3364282232
0.3363620701
0.3362957721
0.3362293581
0.3361628190
0.3360961437
0.3360293541
0.3359624283
0.3358953770
0.3358282108
0.3357608998
0.3356934714
0.3356259237
0.3355582329
0.3354904265
0.3354224964
0.3353544270
0.3352862415
0.3352179305
0.3351494813
0.3350809153
0.3350122245
0.3349433936
0.3348744450
0.3348053746
0.3347361597
0.3346668260
0.3345973732
0.3345277754
0.3344580551
0.3343882153
0.3343182402
0.3342481325
0.3341779049
0.3341075545
0.3340370585
0.3339664422
0.3338957053
0.3338248335
0.3337538275
0.3336827004
0.3336114520
0.3335400608
0.3334685425
0.3333969023
0.3333251400
0.3332532316
0.3331811987
0.3331090428
0.3330367640
0.3329643403
0.3328917900
0.3328191158
0.3327463179
0.3326733807
0.3326003103
0.3325271154
0.3324537962
0.3323803487
0.3323067566
0.3322330396
0.3321591976
0.3320852304
0.3320111278
0.3319368869
0.3318625205
0.3317880281
0.3317134097
0.3316386558
0.3315637631
0.3314887438
0.3314135978
0.3313383249
0.3312629234
0.3311873753
0.3311116997
0.3310358964
0.3309599653
0.3308839060
0.3308077128
0.3307313771
0.3306549130
0.3305783204
0.3305015991
0.3304247491
0.3303477703
0.3302706451
0.3301933905
0.3301160071
0.3300384946
0.3299608529
0.3298830820
0.3298051813
0.3297271350
0.3296489585
0.3295706523
0.3294922160
0.3294136497
0.3293349530
0.3292561257
0.3291771673
0.3290980637
0.3290188294
0.3289394641
0.3288599676
0.3287803398
0.3287005802
0.3286206891
0.3285406659
0.3284605107
0.3283802142
0.3282997817
0.3282192168
0.3281385199
0.3280576896
0.3279767277
0.3278956327
0.3278144055
0.3277330458
0.3276515536
0.3275699289
0.3274881717
0.3274062728
0.3273242408
0.3272420763
0.3271597790
0.3270773493
0.3269947868
0.3269120913
0.3268292630
0.3267463016
0.3266632071
0.3265799798
0.3264966184
0.3264131241
0.3263294961
0.3262457347
0.3261618396
0.3260778106
0.3259936478
0.3259093475
0.3258249116
0.3257403415
0.3256556374
0.3255707992
0.3254858267
0.3254007198
0.3253154786
0.3252301026
0.3251445921
0.3250589466
0.3249731663
0.3248872509
0.3248012003
0.3247150147
0.3246286936
0.3245422376
0.3244556457
0.3243689184
0.3242820563
0.3241950593
0.3241079265
0.3240206594
0.3239332568
0.3238457187
0.3237580463
0.3236702388
0.3235822964
0.3234942196
0.3234060079
0.3233176607
0.3232291797
0.3231405634
0.3230518130
0.3229629279
0.3228739083
0.3227847545
0.3226954660
0.3226060434
0.3225164866
0.3224267954
0.3223369697
0.3222470043
0.3221569045
0.3220666703
0.3219763019
0.3218857993
0.3217951624
0.3217043909
0.3216134853
0.3215224454
0.3214312711
0.3213399626
0.3212485196
0.3211569424
0.3210652310
0.3209733851
0.3208814050
0.3207892907
0.3206970421
0.3206046590
0.3205121364
0.3204194727
0.3203266744
0.3202337415
0.3201406739
0.3200474717
0.3199541351
0.3198606638
0.3197670586
0.3196733187
0.3195794447
0.3194854370
0.3193912954
0.3192970153
0.3192025904
0.3191080315
0.3190133391
0.3189185129
0.3188235534
0.3187284607
0.3186332346
0.3185378756
0.3184423838
0.3183467591
0.3182509903
0.3181550809
0.3180590387
0.3179628640
0.3178665569
0.3177701174
0.3176735459
0.3175768423
0.3174800069
0.3173830332
0.3172859118
0.3171886588
0.3170912740
0.3169937577
0.3168961102
0.3167983314
0.3167004216
0.3166023808
0.3165041856
0.3164058577
0.3163073987
0.3162088090
0.3161100884
0.3160112375
0.3159122561
0.3158131375
0.3157138676
0.3156144672
0.3155149368
0.3154152760
0.3153154853
0.3152155648
0.3151155116
0.3150153014
0.3149149612
0.3148144915
0.3147138921
0.3146131633
0.3145123054
0.3144113062
0.3143101571
0.3142088789
0.3141074718
0.3140059359
0.3139042716
0.3138024791
0.3137005235
0.3135984397
0.3134962277
0.3133938881
0.3132914211
0.3131888269
0.3130860716
0.3129831859
0.3128801732
0.3127770340
0.3126737683
0.3125703733
0.3124668160
0.3123631326
0.3122593236
0.3121553888
0.3120513289
0.3119471243
0.3118427727
0.3117382963
0.3116336950
0.3115289694
0.3114241174
0.3113191001
0.3112139588
0.3111086938
0.3110033053
0.3108977937
0.3107921221
0.3106863187
0.3105803927
0.3104743441
0.3103681734
0.3102618461
0.3101553837
0.3100487993
0.3099420933
0.3098352661
0.3097282792
0.3096211601
0.3095139200
0.3094065592
0.3092990781
0.3091914275
0.3090836543
0.3089757612
0.3088677483
0.3087596026
0.3086512975
0.3085428732
0.3084343299
0.3083256679
0.3082168514
0.3081078975
0.3079988254
0.3078896356
0.3077803193
0.3076708377
0.3075612387
0.3074515228
0.3073416904
0.3072316975
0.3071215737
0.3070113337
0.3069009782
0.3067904813
0.3066798345
0.3065690726
0.3064581959
0.3063471932
0.3062360256
0.3061247437
0.3060133481
0.3059018378
0.3057901515
0.3056783519
0.3055664395
0.3054544147
0.3053422170
0.3052299019
0.3051174750
0.3050049368
0.3048922272
0.3047793988
0.3046664598
0.3045534104
0.3044401870
0.3043268479
0.3042133991
0.3040998402
0.3039861021
0.3038722547
0.3037582987
0.3036442230
0.3035299780
0.3034156249
0.3033011642
0.3031865700
0.3030718207
0.3029569645
0.3028420018
0.3027268871
0.3026116362
0.3024962795
0.3023808174
0.3022651804
0.3021494305
0.3020335759
0.3019175979
0.3018014557
0.3016852094
0.3015688596
0.3014523561
0.3013357191
0.3012189792
0.3011021328
0.3009851063
0.3008679776
0.3007507475
0.3006333728
0.3005158565
0.3003982395
0.3002805204
0.3001626177
0.3000446151
0.2999265133
0.2998082632
0.2996898763
0.2995713908
0.2994527948
0.2993340248
0.2992151572
0.2990961925
0.2989770629
0.2988578144
0.2987384696
0.2986189927
0.2984993646
0.2983796411
0.2982598162
0.2981398100
0.2980197092
0.2978995147
0.2977791528
0.2976586762
0.2975381067
0.2974173953
0.2972965443
0.2971756013
0.2970545399
0.2969333161
0.2968120011
0.2966905891
0.2965689939
0.2964473084
0.2963255335
0.2962035802
0.2960815258
0.2959593830
0.2958370777
0.2957146560
0.2955921469
0.2954694890
0.2953467016
0.2952238278
0.2951008167
0.2949776653
0.2948544284
0.2947310639
0.2946075500
0.2944839518
0.2943602332
0.2942363587
0.2941124009
0.2939883276
0.2938640941
0.2937397784
0.2936153500
0.2934907594
0.2933660876
0.2932413035
0.2931163575
0.2929913315
0.2928661912
0.2927408917
0.2926155132
0.2924900163
0.2923643651
0.2922386360
0.2921127820
0.2919867809
0.2918607032
0.2917344915
0.2916081426
0.2914817181
0.2913551483
0.2912284535
0.2911016843
0.2909747558
0.2908477171
0.2907206051
0.2905933175
0.2904659369
0.2903384843
0.2902108371
0.2900831166
0.2899553061
0.2898273181
0.2896992598
0.2895710892
0.2894427643
0.2893143703
0.2891858391
0.2890571794
0.2889284519
0.2887995596
0.2886705673
0.2885415085
0.2884122546
0.2882829319
0.2881535143
0.2880239281
0.2878942771
0.2877644975
0.2876345840
0.2875046071
0.2873744650
0.2872442265
0.2871139205
0.2869834209
0.2868528597
0.2867221907
0.2865913694
0.2864604880
0.2863294554
0.2861983148
0.2860671156
0.2859357191
0.2858042616
0.2856727011
0.2855409860
0.2854092141
0.2852772893
0.2851452607
0.2850131719
0.2848808872
0.2847485478
0.2846160940
0.2844834996
0.2843508518
0.2842180328
0.2840851310
0.2839521479
0.2838189927
0.2836857863
0.2835524375
0.2834189787
0.2832854659
0.2831517553
0.2830179956
0.2828841166
0.2827501063
0.2826160484
0.2824818028
0.2823474954
0.2822130858
0.2820785294
0.2819439278
0.2818091511
0.2816743017
0.2815393611
0.2814042644
0.2812691247
0.2811338167
0.2809984310
0.2808629591
0.2807273280
0.2805916561
0.2804558164
0.2803199004
0.2801838968
0.2800477373
0.2799115392
0.2797751675
0.2796387272
0.2795021918
0.2793655099
0.2792287918
0.2790918878
0.2789549295
0.2788178619
0.2786806638
0.2785434320
0.2784059956
0.2782685254
0.2781309255
0.2779932176
0.2778554543
0.2777175094
0.2775795339
0.2774414014
0.2773031903
0.2771648944
0.2770264484
0.2768879742
0.2767493089
0.2766106012
0.2764717727
0.2763328321
0.2761938406
0.2760546679
0.2759154703
0.2757761091
0.2756366809
0.2754971568
0.2753574986
0.2752178116
0.2750779242
0.2749380152
0.2747979585
0.2746578218
0.2745176024
0.2743772388
0.2742368563
0.2740962670
0.2739556591
0.2738149073
0.2736740747
0.2735331607
0.2733921042
0.2732510280
0.2731097485
0.2729684545
0.2728270084
0.2726854928
0.2725438849
0.2724021486
0.2722603789
0.2721184228
0.2719764559
0.2718343162
0.2716921311
0.2715498300
0.2714074273
0.2712649650
0.2711223457
0.2709797195
0.2708368871
0.2706940461
0.2705510527
0.2704079976
0.2702648434
0.2701215750
0.2699782603
0.2698347795
0.2696912965
0.2695476118
0.2694039182
0.2692600731
0.2691161696
0.2689721642
0.2688280516
0.2686838860
0.2685395651
0.2683952394
0.2682507109
0.2681061858
0.2679614901
0.2678167593
0.2676719036
0.2675269678
0.2673819522
0.2672368123
0.2670916370
0.2669462938
0.2668009587
0.2666554131
0.2665098765
0.2663641714
0.2662184341
0.2660725694
0.2659266324
0.2657806084
0.2656344724
0.2654882891
0.2653419551
0.2651956127
0.2650490815
0.2649025653
0.2647558526
0.2646091410
0.2644622693
0.2643153633
0.2641683328
0.2640212332
0.2638740440
0.2637267517
0.2635794040
0.2634319200
0.2632844138
0.2631367389
0.2629890744
0.2628412097
0.2626933680
0.2625453333
0.2623973036
0.2622491109
0.2621008941
0.2619525434
0.2618041405
0.2616556320
0.2615070439
0.2613583777
0.2612096054
0.2610607817
0.2609118261
0.2607628450
0.2606137071
0.2604645687
0.2603152495
0.2601659540
0.2600164545
0.2598669886
0.2597173231
0.2595676790
0.2594178566
0.2592680351
0.2591180561
0.2589680583
0.2588179227
0.2586677496
0.2585174576
0.2583671102
0.2582166619
0.2580661413
0.2579155369
0.2577648440
0.2576140838
0.2574632196
0.2573123036
0.2571612692
0.2570101976
0.2568589941
0.2567077671
0.2565563954
0.2564050131
0.2562534745
0.2561019370
0.2559502323
0.2557985400
0.2556466704
0.2554948233
0.2553427898
0.2551907881
0.2550385917
0.2548864357
0.2547340776
0.2545817673
0.2544292486
0.2542767842
0.2541241060
0.2539714836
0.2538186512
0.2536658716
0.2535128855
0.2533599497
0.2532068101
0.2530537194
0.2529004264
0.2527471819
0.2525937358
0.2524403385
0.2522867396
0.2521331907
0.2519794391
0.2518257398
0.2516718357
0.2515179872
0.2513639307
0.2512099342
0.2510557256
0.2509015799
0.2507472218
0.2505929244
0.2504384206
0.2502839717
0.2501293234
0.2499747233
0.2498199316
0.2496651805
0.2495102467
0.2493553448
0.2492002699
0.2490452175
0.2488900029
0.2487348001
0.2485794470
0.2484240941
0.2482686036
0.2481131008
0.2479574742
0.2478018217
0.2476460603
0.2474902583
0.2473343633
0.2471784121
0.2470223846
0.2468662844
0.2467101258
0.2465538769
0.2463975884
0.2462411909
0.2460847739
0.2459282281
0.2457716838
0.2456149899
0.2454583195
0.2453014778
0.2451446827
0.2449876934
0.2448307716
0.2446736382
0.2445165692
0.2443593136
0.2442020978
0.2440447213
0.2438873589
0.2437298629
0.2435723541
0.2434147398
0.2432570849
0.2430993537
0.2429415530
0.2427837061
0.2426257598
0.2424677987
0.2423097069
0.2421516329
0.2419933960
0.2418352104
0.2416768286
0.2415185170
0.2413600064
0.2412015504
0.2410429309
0.2408843309
0.2407256039
0.2405668600
0.2404080268
0.2402491394
0.2400902014
0.2399311707
0.2397721293
0.2396129556
0.2394538121
0.2392944957
0.2391352512
0.2389757927
0.2388164060
0.2386568483
0.2384973196
0.2383376641
0.2381779938
0.2380182418
0.2378584301
0.2376985831
0.2375386303
0.2373786898
0.2372185962
0.2370585636
0.2368983294
0.2367381690
0.2365778316
0.2364175312
0.2362571045
0.2360966645
0.2359361500
0.2357755705
0.2356149697
0.2354542511
0.2352935654
0.2351327079
0.2349719258
0.2348109427
0.2346500223
0.2344889573
0.2343278989
0.2341667535
0.2340055574
0.2338443329
0.2336829994
0.2335216975
0.2333602269
0.2331988330
0.2330372415
0.2328757111
0.2327140452
0.2325523785
0.2323906397
0.2322288370
0.2320670267
0.2319050883
0.2317432079
0.2315811341
0.2314191386
0.2312569764
0.2310948459
0.2309326167
0.2307703515
0.2306080568
0.2304456573
0.2302832986
0.2301207651
0.2299583108
0.2297956766
0.2296330888
0.2294703936
0.2293076726
0.2291449179
0.2289820640
0.2288192514
0.2286562649
0.2284933585
0.2283302769
0.2281672385
0.2280041020
0.2278409318
0.2276777420
0.2275144403
0.2273511988
0.2271877658
0.2270244142
0.2268609101
0.2266974278
0.2265338751
0.2263702625
0.2262066627
0.2260429199
0.2258792594
0.2257154020
0.2255516120
0.2253877107
0.2252237914
0.2250598479
0.2248957996
0.2247318153
0.2245676383
0.2244035448
0.2242393097
0.2240750880
0.2239108154
0.2237464659
0.2235821573
0.2234176804
0.2232532877
0.2230887334
0.2229242138
0.2227596268
0.2225949806
0.2224303626
0.2222655901
0.2221009026
0.2219360441
0.2217712309
0.2216063446
0.2214414060
0.2212764936
0.2211114299
0.2209464521
0.2207813044
0.2206162021
0.2204510316
0.2202858051
0.2201206133
0.2199552629
0.2197899993
0.2196245776
0.2194591907
0.2192937511
0.2191282412
0.2189627854
0.2187971528
0.2186316078
0.2184659274
0.2183002603
0.2181345671
0.2179687783
0.2178030739
0.2176371635
0.2174713417
0.2173054181
0.2171394754
0.2169735440
0.2168074807
0.2166415066
0.2164753598
0.2163092657
0.2161431145
0.2159769007
0.2158107469
0.2156444138
0.2154781707
0.2153118069
0.2151454451
0.2149790821
0.2148126018
0.2146462122
0.2144796431
0.2143131356
0.2141465707
0.2139799458
0.2138133870
0.2136466449
0.2134799943
0.2133132348
0.2131464677
0.2129797178
0.2128128344
0.2126460431
0.2124790964
0.2123121895
0.2121452558
0.2119782336
0.2118113040
0.2116441776
0.2114771333
0.2113100234
0.2111428648
0.2109757731
0.2108085005
0.2106413214
0.2104740426
0.2103067501
0.2101394931
0.2099720876
0.2098047762
0.2096373359
0.2094699120
0.2093024972
0.2091349612
0.2089675198
0.2087999256
0.2086323728
0.2084648075
0.2082971435
0.2081295748
0.2079618341
0.2077941548
0.2076264467
0.2074586571
0.2072909634
0.2071230839
0.2069552805
0.2067874371
0.2066195244
0.2064517082
0.2062836974
0.2061157725
0.2059478015
0.2057797682
0.2056118319
0.2054436975
0.2052756535
0.2051075625
0.2049394111
0.2047713573
0.2046031068
0.2044349462
0.2042667429
0.2040984758
0.2039303069
0.2037619482
0.2035936734
0.2034253655
0.2032569852
0.2030887037
0.2029202445
0.2027518581
0.2025834533
0.2024149623
0.2022465707
0.2020780187
0.2019095231
0.2017410292
0.2015724301
0.2014039307
0.2012352937
0.2010666914
0.2008981162
0.2007294113
0.2005608069
0.2003920926
0.2002233861
0.2000547374
0.1998859294
0.1997172224
0.1995484389
0.1993796311
0.1992109170
0.1990420088
0.1988732022
0.1987043577
0.1985354514
0.1983666472
0.1981976746
0.1980287714
0.1978598741
0.1976908722
0.1975219731
0.1973529521
0.1971839551
0.1970150136
0.1968459189
0.1966769277
0.1965078669
0.1963387789
0.1961697946
0.1960006169
0.1958315365
0.1956624443
0.1954932681
0.1953241965
0.1951549918
0.1949858252
0.1948167098
0.1946474486
0.1944782924
0.1943090692
0.1941398191
0.1939706746
0.1938013458
0.1936321081
0.1934628746
0.1932935442
0.1931243199
0.1929549854
0.1927856691
0.1926164338
0.1924470261
0.1922777249
0.1921083931
0.1919390012
0.1917697163
0.1916002904
0.1914309155
0.1912615948
0.1910921303
0.1909227733
0.1907533631
0.1905839173
0.1904145794
0.1902450820
0.1900756561
0.1899062702
0.1897367563
0.1895673512
0.1893978827
0.1892283905
0.1890590073
0.1888894586
0.1887199891
0.1885505581
0.1883810026
0.1882115569
0.1880420502
0.1878725193
0.1877030984
0.1875335186
0.1873640132
0.1871945572
0.1870249678
0.1868554890
0.1866859645
0.1865164025
0.1863469514
0.1861773609
0.1860078273
0.1858383667
0.1856687510
0.1854992469
0.1853297248
0.1851601393
0.1849906658
0.1848210848
0.1846515306
0.1844820857
0.1843124513
0.1841429295
0.1839734303
0.1838038290
0.1836343406
0.1834647897
0.1832952225
0.1831257686
0.1829561684
0.1827866365
0.1826171806
0.1824475711
0.1822780755
0.1821085749
0.1819390025
0.1817695442
0.1816000015
0.1814304672
0.1812610473
0.1810914650
0.1809219697
0.1807525401
0.1805829700
0.1804135149
0.1802440502
0.1800745210
0.1799051071
0.1797356100
0.1795661227
0.1793967511
0.1792272240
0.1790577797
0.1788884135
0.1787188968
0.1785494964
0.1783801048
0.1782106328
0.1780412775
0.1778718629
0.1777024367
0.1775331274
0.1773636925
0.1771943130
0.1770250474
0.1768555980
0.1766862664
0.1765169850
0.1763475841
0.1761783012
0.1760090066
0.1758396553
0.1756704222
0.1755011169
0.1753318160
0.1751626338
0.1749933202
0.1748240709
0.1746549371
0.1744856212
0.1743164245
0.1741472871
0.1739780245
0.1738088813
0.1736397428
0.1734705345
0.1733014459
0.1731323088
0.1729631558
0.1727941227
0.1726249896
0.1724558928
0.1722869163
0.1721177897
0.1719487502
0.1717798157
0.1716107136
0.1714417324
0.1712728089
0.1711037658
0.1709348439
0.1707659340
0.1705969508
0.1704280891
0.1702591953
0.1700902731
0.1699214726
0.1697525974
0.1695837371
0.1694149989
0.1692461447
0.1690773474
0.1689086723
0.1687398417
0.1685711083
0.1684024844
0.1682336929
0.1680650243
0.1678964286
0.1677277026
0.1675590999
0.1673905348
0.1672218754
0.1670533395
0.1668848076
0.1667162157
0.1665477475
0.1663792514
0.1662107280
0.1660423287
0.1658738709
0.1657054172
0.1655370879
0.1653686712
0.1652002883
0.1650320302
0.1648636572
0.1646953463
0.1645271605
0.1643588339
0.1641905961
0.1640224838
0.1638542062
0.1636860426
0.1635179934
0.1633497791
0.1631816909
0.1630136956
0.1628455575
0.1626775458
0.1625096072
0.1623415463
0.1621736123
0.1620057330
0.1618377506
0.1616698953
0.1615020781
0.1613341752
0.1611663997
0.1609986471
0.1608308250
0.1606631305
0.1604954452
0.1603277049
0.1601600925
0.1599924772
0.1598248198
0.1596572906
0.1594897480
0.1593221747
0.1591547298
0.1589872625
0.1588197743
0.1586524149
0.1584850255
0.1583176235
0.1581503507
0.1579830420
0.1578157273
0.1576485422
0.1574813168
0.1573140905
0.1571469941
0.1569798546
0.1568127179
0.1566457114
0.1564786605
0.1563116144
0.1561446989
0.1559777392
0.1558107848
0.1556439613
0.1554770955
0.1553102340
0.1551435036
0.1549767343
0.1548099667
0.1546433305
0.1544766604
0.1543099878
0.1541434469
0.1539768785
0.1538103019
0.1536438575
0.1534773935
0.1533109140
0.1531445670
0.1529782100
0.1528118288
0.1526455803
0.1524793330
0.1523130511
0.1521469021
0.1519807672
0.1518145856
0.1516485373
0.1514825173
0.1513164371
0.1511504904
0.1509845880
0.1508186102
0.1506527663
0.1504869839
0.1503211097
0.1501553696
0.1499897099
0.1498239402
0.1496583050
0.1494927706
0.1493271066
0.1491615772
0.1489961707
0.1488306133
0.1486651908
0.1484999033
0.1483344651
0.1481691505
0.1480039712
0.1478386665
0.1476734609
0.1475083907
0.1473432220
0.1471781263
0.1470131664
0.1468481361
0.1466831515
0.1465183027
0.1463534135
0.1461885408
0.1460238042
0.1458590586
0.1456942987
0.1455296753
0.1453650759
0.1452004298
0.1450359205
0.1448714698
0.1447069385
0.1445425443
0.1443782448
0.1442138293
0.1440495511
0.1438854052
0.1437211065
0.1435569453
0.1433929217
0.1432287745
0.1430647313
0.1429008260
0.1427368378
0.1425729136
0.1424091273
0.1422453008
0.1420814963
0.1419178302
0.1417541676
0.1415904840
0.1414269389
0.1412634428
0.1410998808
0.1409364576
0.1407731306
0.1406096912
0.1404463909
0.1402832295
0.1401199194
0.1399567428
0.1397937055
0.1396305696
0.1394675177
0.1393046053
0.1391416461
0.1389787198
0.1388159332
0.1386531532
0.1384903533
0.1383276934
0.1381650949
0.1380024224
0.1378398900
0.1376774755
0.1375149312
0.1373525272
0.1371902636
0.1370278840
0.1368656093
0.1367034751
0.1365412846
0.1363791401
0.1362171364
0.1360551373
0.1358931239
0.1357312514
0.1355694462
0.1354075648
0.1352458245
0.1350842158
0.1349224673
0.1347608603
0.1345993947
0.1344378359
0.1342763632
0.1341150320
0.1339536751
0.1337923375
0.1336311418
0.1334699892
0.1333087877
0.1331477284
0.1329867826
0.1328257183
0.1326647963
0.1325040168
0.1323431335
0.1321823499
0.1320217089
0.1318610378
0.1317003935
0.1315398920
0.1313794354
0.1312189313
0.1310585703
0.1308983307
0.1307379677
0.1305777482
0.1304176718
0.1302575071
0.1300974298
0.1299374961
0.1297775535
0.1296176195
0.1294578292
0.1292981113
0.1291383214
0.1289786755
0.1288191735
0.1286595398
0.1285000392
0.1283406828
0.1281812789
0.1280219244
0.1278627144
0.1277035428
0.1275443353
0.1273852725
0.1272263356
0.1270672760
0.1269083613
0.1267495915
0.1265907506
0.1264319849
0.1262733643
0.1261147631
0.1259561473
0.1257976767
0.1256393175
0.1254808525
0.1253225329
0.1251643585
0.1250061045
0.1248479366
0.1246899143
0.1245319073
0.1243738921
0.1242160225
0.1240582648
0.1239004030
0.1237426871
0.1235851171
0.1234274734
0.1232699120
0.1231124966
0.1229551070
0.1227977009
0.1226404409
0.1224833078
0.1223260577
0.1221689540
0.1220119967
0.1218549863
0.1216980396
0.1215412394
0.1213844903
0.1212277014
0.1210710592
0.1209145637
0.1207579432
0.1206014598
0.1204451231
0.1202887686
0.1201324447
0.1199762677
0.1198201813
0.1196640176
0.1195080010
0.1193521314
0.1191961821
0.1190403267
0.1188846183
0.1187289418
0.1185732481
0.1184177019
0.1182623002
0.1181067690
0.1179513855
0.1177961493
0.1176408928
0.1174856726
0.1173306000
0.1171756230
0.1170205668
0.1168656584
0.1167108976
0.1165560714
0.1164013278
0.1162467321
0.1160921899
0.1159376118
0.1157831817
0.1156288995
0.1154745135
0.1153202497
0.1151661339
0.1150120363
0.1148579394
0.1147039907
0.1145501834
0.1143962541
0.1142424730
0.1140888401
0.1139351969
0.1137815841
0.1136281196
0.1134747710
0.1133213271
0.1131680316
0.1130148844
0.1128617051
0.1127085792
0.1125556017
0.1124027214
0.1122497655
0.1120969583
0.1119442995
0.1117915936
0.1116389571
0.1114864692
0.1113340664
0.1111816012
0.1110292847
0.1108771168
0.1107248936
0.1105727490
0.1104207531
0.1102688369
0.1101168649
0.1099650416
0.1098133668
0.1096616352
0.1095099849
0.1093584834
0.1092070627
0.1090555861
0.1089042581
0.1087530788
0.1086018476
0.1084506938
0.1082996887
0.1081487722
0.1079977930
0.1078469626
0.1076962808
0.1075455585
0.1073949032
0.1072443965
0.1070939929
0.1069435130
0.1067931820
0.1066429995
0.1064927947
0.1063426397
0.1061926333
0.1060427507
0.1058927720
0.1057429421
0.1055932608
0.1054435815
0.1052939284
0.1051444240
0.1049950681
0.1048455947
0.1046962675
0.1045470888
0.1043979431
0.1042487935
0.1040997925
0.1039509398
0.1038020043
0.1036531812
0.1035045066
0.1033559021
0.1032072572
0.1030587609
0.1029104128
0.1027620227
0.1026137048
0.1024655355
0.1023174798
0.1021693407
0.1020213500
0.1018735077
0.1017256704
0.1015778588
0.1014301955
0.1012826804
0.1011350636
0.1009875796
0.1008402438
0.1006929664
0.1005456619
0.1003985056
0.1002514973
0.1001044444
0.0999574677
0.0998106391
0.0996639286
0.0995171319
0.0993704831
0.0992239822
0.0990774998
0.0989310310
0.0987847101
0.0986385369
0.0984922847
0.0983461439
0.0982001508
0.0980542456
0.0979082851
0.0977624722
0.0976168068
0.0974711353
0.0973255027
0.0971800176
0.0970346797
0.0968892437
0.0967439390
0.0965987814
0.0964536968
0.0963085724
0.0961635953
0.0960187651
0.0958739194
0.0957291226
0.0955844728
0.0954399697
0.0952953648
0.0951508954
0.0950065727
0.0948623229
0.0947180340
0.0945738916
0.0944298957
0.0942858896
0.0941419277
0.0939981120
0.0938544425
0.0937106819
0.0935670465
0.0934235572
0.0932801555
0.0931367003
0.0929933911
0.0928502277
0.0927070743
0.0925639450
0.0924209616
0.0922781236
0.0921352200
0.0919924164
0.0918497581
0.0917072168
0.0915645929
0.0914221142
0.0912797808
0.0911374919
0.0909951927
0.0908530386
0.0907110293
0.0905689942
0.0904270192
0.0902851889
0.0901435033
0.0900017233
0.0898600719
0.0897185649
0.0895771514
0.0894356787
0.0892943503
0.0891531659
0.0890120098
0.0888708596
0.0887298535
0.0885889909
0.0884480935
0.0883072651
0.0881665805
0.0880260391
0.0878854015
0.0877448942
0.0876045303
0.0874642627
0.0873239326
0.0871837456
0.0870437015
0.0869036957
0.0867636853
0.0866238177
0.0864840926
0.0863443496
0.0862046581
0.0860651090
0.0859257019
0.0857862227
0.0856468491
0.0855076176
0.0853685115
0.0852293131
0.0850902565
0.0849513415
0.0848125008
0.0846736187
0.0845348781
0.0843962786
0.0842577040
0.0841191373
0.0839807115
0.0838424265
0.0837041188
0.0835658663
0.0834277543
0.0832897825
0.0831517426
0.0830138031
0.0828760036
0.0827383401
0.0826005726
0.0824629449
0.0823254568
0.0821880621
0.0820506056
0.0819132885
0.0817761106
0.0816389853
0.0815018386
0.0813648309
0.0812279617
0.0810911064
0.0809542682
0.0808175684
0.0806810068
0.0805444219
0.0804078908
0.0802714975
0.0801352420
0.0799989279
0.0798627025
0.0797266144
0.0795906635
0.0794546206
0.0793186994
0.0791829150
0.0790472510
0.0789114959
0.0787758773
0.0786403951
0.0785050027
0.0783695492
0.0782342318
0.0780990502
0.0779639296
0.0778287762
0.0776937583
0.0775588756
0.0774240271
0.0772891721
0.0771544520
0.0770198666
0.0768852901
0.0767507318
0.0766163078
0.0764820179
0.0763477130
0.0762134492
0.0760793187
0.0759453215
0.0758112873
0.0756773149
0.0755434752
0.0754097677
0.0752760031
0.0751423193
0.0750087674
0.0748753468
0.0747418504
0.0746084523
0.0744751851
0.0743420484
0.0742088189
0.0740757035
0.0739427180
0.0738098621
0.0736768981
0.0735440622
0.0734113553
0.0732787654
0.0731460772
0.0730135177
0.0728810861
0.0727487592
0.0726163451
0.0724840586
0.0723518993
0.0722198338
0.0720876905
0.0719556738
0.0718237833
0.0716919775
0.0715601016
0.0714283513
0.0712967263
0.0711651786
0.0710335667
0.0709020793
0.0707707164
0.0706394249
0.0705080734
0.0703768456
0.0702457412
0.0701147040
0.0699836096
0.0698526378
0.0697217883
0.0695910037
0.0694601626
0.0693294433
0.0691988451
0.0690683110
0.0689377198
0.0688072492
0.0686768989
0.0685466133
0.0684162682
0.0682860426
0.0681559363
0.0680258971
0.0678957944
0.0677658102
0.0676359441
0.0675061491
0.0673762849
0.0672465381
0.0671169084
0.0669873554
0.0668577258
0.0667282126
0.0665988153
0.0664695019
0.0663401029
0.0662108192
0.0660816503
0.0659525742
0.0658234019
0.0656943436
0.0655653991
0.0654365577
0.0653076079
0.0651787709
0.0650500466
0.0649214344
0.0647927059
0.0646640861
0.0645355777
0.0644071804
0.0642786805
0.0641502735
0.0640219769
0.0638937900
0.0637655161
0.0636373177
0.0635092283
0.0633812476
0.0632531969
0.0631252025
0.0629973160
0.0628695369
0.0627417065
0.0626139117
0.0624862235
0.0623586416
0.0622310284
0.0621034286
0.0619759342
0.0618485447
0.0617211458
0.0615937364
0.0614664310
0.0613392294
0.0612120416
0.0610848178
0.0609576967
0.0608306782
0.0607036982
0.0605766552
0.0604497138
0.0603228734
0.0601960981
0.0600692310
0.0599424642
0.0598157972
0.0596892231
0.0595625269
0.0594359298
0.0593094311
0.0591830305
0.0590565246
0.0589300920
0.0588037566
0.0586775180
0.0585512053
0.0584249322
0.0582987548
0.0581726728
0.0580465493
0.0579204299
0.0577944047
0.0576684730
0.0575425341
0.0574165621
0.0572906826
0.0571648950
0.0570391358
0.0569133048
0.0567875646
0.0566619147
0.0565363303
0.0564106338
0.0562850264
0.0561595076
0.0560340768
0.0559085244
0.0557830431
0.0556576488
0.0555323408
0.0554069516
0.0552815898
0.0551563132
0.0550311213
0.0549058900
0.0547806410
0.0546554753
0.0545303926
0.0544053141
0.0542801708
0.0541551092
0.0540301287
0.0539051976
0.0537801532
0.0536551886
0.0535303034
0.0534054969
0.0532805615
0.0531556869
0.0530308898
0.0529061696
0.0527813689
0.0526565771
0.0525318609
0.0524072198
0.0522825481
0.0521578317
0.0520331892
0.0519086199
0.0517840715
0.0516594232
0.0515348469
0.0514103420
0.0512859079
0.0511613234
0.0510368059
0.0509123578
0.0507879787
0.0506635039
0.0505390375
0.0504146386
0.0502903068
0.0501659359
0.0500415129
0.0499171556
0.0497928633
0.0496685899
0.0495442027
0.0494198792
0.0492956187
0.0491714208
0.0490470774
0.0489227796
0.0487985431
0.0486743670
0.0485501067
0.0484258268
0.0483016061
0.0481774439
0.0480532603
0.0479289903
0.0478047773
0.0476806209
0.0475565075
0.0474322391
0.0473080257
0.0471838667
0.0470597616
0.0469355420
0.0468113198
0.0466871498
0.0465630313
0.0464388656
0.0463146246
0.0461904332
0.0460662904
0.0459421692
0.0458178984
0.0456936742
0.0455694959
0.0454453628
0.0453210978
0.0451968297
0.0450726046
0.0449484218
0.0448241793
0.0446998557
0.0445755723
0.0444513285
0.0443270986
0.0442027081
0.0440783549
0.0439540383
0.0438297576
0.0437053422
0.0435809075
0.0434565066
0.0433321387
0.0432077133
0.0430831855
0.0429586885
0.0428342216
0.0427097762
0.0425851433
0.0424605384
0.0423359605
0.0422114091
0.0420867352
0.0419620103
0.0418373095
0.0417126322
0.0415879149
0.0414630578
0.0413382220
0.0412134065
0.0410886108
0.0409636340
0.0408386508
0.0407136849
0.0405887357
0.0404636914
0.0403385483
0.0402134196
0.0400883044
0.0399631822
0.0398378667
0.0397125625
0.0395872687
0.0394619847
0.0393365572
0.0392110648
0.0390855798
0.0389601013
0.0388345709
0.0387088775
0.0385831883
0.0384575025
0.0383318194
0.0382059509
0.0380800445
0.0379541384
0.0378282318
0.0377022349
0.0375760982
0.0374499586
0.0373238152
0.0371976673
0.0370712985
0.0369449121
0.0368185187
0.0366921175
0.0365655944
0.0364389477
0.0363122908
0.0361856229
0.0360589342
0.0359320137
0.0358050797
0.0356781315
0.0355511681
0.0354240580
0.0352968333
0.0351695908
0.0350423296
0.0349150263
0.0347874954
0.0346599427
0.0345323671
0.0344047676
0.0342770021
0.0341491220
0.0340212149
0.0338932799
0.0337652871
0.0336370625
0.0335088068
0.0333805188
0.0332521976
0.0331236976
0.0329950757
0.0328664175
0.0327377218
0.0326089599
0.0324799544
0.0323509082
0.0322218203
0.0320926898
0.0319633746
0.0318339228
0.0317044249
0.0315748801
0.0314452678
0.0313153924
0.0311854667
0.0310554896
0.0309254602
0.0307952478
0.0306648761
0.0305344486
0.0304039644
0.0302734190
0.0301425830
0.0300116868
0.0298807296
0.0297497101
0.0296185167
0.0294871334
0.0293556845
0.0292241690
0.0290925858
0.0289607170
0.0288287579
0.0286967276
0.0285646252
0.0284323657
0.0282998776
0.0281673138
0.0280346734
0.0279019553
0.0277689713
0.0276358552
0.0275026577
0.0273693773
0.0272359639
0.0271022734
0.0269684954
0.0268346285
0.0267006713
0.0265664733
0.0264320895
0.0262976106
0.0261630352
0.0260283564
0.0258933410
0.0257582244
0.0256230052
0.0254876818
0.0253521503
0.0252163702
0.0250804811
0.0249444817
0.0248083704
0.0246719472
0.0245353622
0.0243986605
0.0242618407
0.0241248542
0.0239875469
0.0238501165
0.0237125617
0.0235748810
0.0234369329
0.0232987474
0.0231604309
0.0230219822
0.0228833996
0.0227444498
0.0226053449
0.0224661012
0.0223267173
0.0221871200
0.0220471997
0.0219071341
0.0217669220
0.0216265617
0.0214858914
0.0213449771
0.0212039097
0.0210626877
0.0209213097
0.0207795258
0.0206375758
0.0204954648
0.0203531914
0.0202106752
0.0200678153
0.0199247879
0.0197815914
0.0196382244
0.0194945224
0.0193505509
0.0192064037
0.0190620795
0.0189175767
0.0187726473
0.0186275217
0.0184822123
0.0183367176
0.0181909691
0.0180448349
0.0178985087
0.0177519883
0.0176052718
0.0174582108
0.0173108306
0.0171632476
0.0170154593
0.0168674640
0.0167190343
0.0165703510
0.0164214537
0.0162723403
0.0161229751
0.0159731541
0.0158231102
0.0156728413
0.0155223453
0.0153715118
0.0152202836
0.0150688214
0.0149171232
0.0147651869
0.0146128280
0.0144601346
0.0143071960
0.0141540097
0.0140005730
0.0138466280
0.0136924055
0.0135379242
0.0133831816
0.0132281271
0.0130725745
0.0129167521
0.0127606572
0.0126042874
0.0124475237
0.0122903135
0.0121328198
0.0119750400
0.0118169716
0.0116584279
0.0114994885
0.0113402518
0.0111807154
0.0110208765
0.0108604820
0.0106997413
0.0105386895
0.0103773241
0.0102156180
0.0100533260
0.0098907109
0.0097277682
0.0095644931
0.0094007948
0.0092365449
0.0090719471
0.0089069967
0.0087416888
0.0085758726
0.0084095362
0.0082428268
0.0080757398
0.0079082703
0.0077402081
0.0075716559
0.0074027058
0.0072333529
0.0070635925
0.0068931558
0.0067222583
0.0065509377
0.0063791893
0.0062069978
0.0060340686
0.0058606958
0.0056868749
0.0055126011
0.0053378075
0.0051622979
0.0049863199
0.0048098686
0.0046329394
0.0044554148
0.0042771948
0.0040984809
0.0039192667
0.0037395461
0.0035591505
0.0033780721
0.0031964667
0.0030143254
0.0028316297
0.0026481482
0.0024639501
0.0022791344
0.0020936812
0.0019075702
0.0017205232
0.0015326985
0.0013441546
0.0011548719
0.0009648309
0.0007737063
0.0005817235
0.0003888372
0.0001949587
0.0000000000
